"","X2000","X2001","X2002","X2003","X2004","X2005","X2006","X2007","X2008","X2009","X2010","X2011","X2012","X2013","X2014","X2015","X2016","X2017","X2018","X2019","X2020","X2021","X2022","X2023","X2024","X2025","X2026","X2027","X2028","X2029","X2030","X2031","X2032","X2033","X2034","X2035","X2036","X2037","X2038","X2039","X2040","X2041","X2042","X2043","X2044","X2045","X2046","X2047","X2048","X2049","X2050"
"82205",1.25142211600833,1.25233631191456,1.24507794111004,1.23610203429666,1.22705103832066,1.21780478868374,1.20609856405574,1.19174647139746,1.18722543646935,1.17784414025103,1.18555378077839,1.18645653320934,1.1856360545496,1.17259361430324,1.1626938509193,1.14801260444529,1.13395973228656,1.11549740471514,1.11147587639722,1.10803652657624,1.10455961715541,1.09880026805586,1.103965042465,1.1065605275295,1.11297913325941,1.10813663674904,1.10892761895926,1.10440501204739,1.10124758126744,1.1109956758792,1.11158519047559,1.12033123806341,1.13114577664582,1.14696585405789,1.15324957797479,1.16104542056638,1.15200360178874,1.14404762107641,1.13395480618399,1.12410941289897,1.11305214429804,1.1013997174793,1.08417668961038,1.07658670083389,1.05873447543473,1.05330895999054,1.04539732075376,1.04270045495593,1.03275238421179,1.01836543796261,0.994927373112193
"82206",1.21049516792773,1.21124562505502,1.20394501614625,1.19464391179281,1.18773745305058,1.18231643467152,1.17110998484765,1.15893581544724,1.15638543144495,1.14937381589734,1.15758489461015,1.15882688594005,1.15807526594309,1.14424993431473,1.13448619604462,1.12094498417241,1.11046551550792,1.09530794374714,1.09191070750198,1.08888629413986,1.08518542251441,1.07935164515967,1.08423018387386,1.08644798077706,1.09086398105143,1.08501239448763,1.08447938208057,1.08097879502124,1.07700333153537,1.08467004395432,1.08423390083472,1.09144713684642,1.10348800848946,1.11832291674262,1.12369495471437,1.13182704771106,1.11873259100603,1.11011852605244,1.10136112361978,1.09052131317276,1.08039206265678,1.07183253104705,1.05515814597705,1.04992674946188,1.03320027914659,1.02755047300693,1.02347083954899,1.01813657682363,1.00865223875332,0.997905687340768,0.978375783463972
"82926",0.834162471265154,0.834173741536299,0.828160202928656,0.823625706662994,0.820597609099154,0.814552558882235,0.808124257768701,0.800299999073975,0.798781057917316,0.793034590124224,0.796858443669278,0.797099807229289,0.797032847647412,0.789615690336929,0.785024921393255,0.7754872989419,0.768461404991234,0.756421833562017,0.752490612798324,0.74881283276817,0.745743594333182,0.74127792744399,0.744438176428204,0.743156504376336,0.745062539326819,0.742209149870481,0.741244725925518,0.736722166793047,0.732276352477908,0.736363158687849,0.735210526739331,0.740767081405189,0.745708682175297,0.757078974740973,0.759563243205885,0.76536039603663,0.759175993242043,0.754838310951943,0.747546327403658,0.739703882773049,0.733587010226019,0.72608206891112,0.71400553784264,0.711784333755598,0.699855536962949,0.69646840232846,0.691187020943745,0.688791154464087,0.683336978693687,0.676229542269434,0.663278748774101
"82927",0.372171965079178,0.372269534504902,0.369572518529537,0.366789757939407,0.365345594455276,0.364199011880956,0.360855447982189,0.357158879608489,0.356945947852442,0.355285100404861,0.357021723732424,0.357118243757964,0.357348611389194,0.352537259530524,0.351400919627411,0.347887570414642,0.344408804401355,0.339719268721326,0.338737235868785,0.337276614870225,0.335476529329848,0.334145235070564,0.336215809395572,0.336610689828481,0.337383997025227,0.335286617876738,0.334214550926398,0.333754166046689,0.331531890074388,0.333571562938372,0.333488964550815,0.33578025297358,0.339237852226652,0.344935907384484,0.345232629258064,0.346938737253162,0.342907434130342,0.341010570463169,0.338956118176154,0.334885797154315,0.332638511140312,0.330334311994953,0.324901206923723,0.32366179033733,0.318586752296193,0.317245897210653,0.31701052867435,0.314553074659288,0.311535419100053,0.3089383084604,0.303492940287057
"83651",1.01882660261836,1.02695619678121,1.02712175477292,1.00676254487832,0.995639875486615,1.00950160844647,1.00856865267863,1.00990326461455,1.01738121354726,1.02992826072848,1.03615760412874,1.04202505491084,1.04385312180873,1.02344016639947,1.01691107999042,1.00564485507477,1.00080859411307,0.998086091996687,1.00440619397521,1.01694403911273,1.01828650283706,1.01201978166075,1.01541772126665,1.02536209035537,1.03386283008401,1.02669699040713,1.02721835543237,1.02324103269218,1.00702518008151,1.00293383732769,1.00502584922104,1.00599999084915,1.02453833715802,1.04005596159812,1.04538014968349,1.04413599116732,1.02092266020028,1.00090752450426,0.991667343318998,0.96772802285298,0.958352074790517,0.957967197571569,0.953690186597834,0.949390590100707,0.93829129923984,0.937102830720536,0.941172053012143,0.946232414421663,0.947764803158986,0.950140088356728,0.937686705745109
"83652",0.787501135480124,0.792521315371083,0.792580728485354,0.776466981363668,0.76852797537721,0.778434211971554,0.777399082690601,0.779721418313134,0.78510346801154,0.794396539034969,0.799087768121594,0.803805340615644,0.805071218229049,0.790337539704578,0.784590051654131,0.776785135997287,0.773904261229878,0.771871348330785,0.777298752908355,0.78747086321301,0.789758993049547,0.783970153413313,0.786693490029164,0.793884678216451,0.799490886736024,0.794871036429712,0.79647403523255,0.793667679467583,0.781129698838467,0.778897865862962,0.780136172826637,0.780494309697661,0.795659012286722,0.805575833967005,0.81015873834427,0.80863274860232,0.789876119839643,0.774770489454185,0.768447981947699,0.752233597957462,0.740732284404039,0.744123462057579,0.740399874068192,0.736867329514529,0.729843237062057,0.728131039753249,0.730498907671474,0.732806398062609,0.734913706829921,0.736688404464197,0.728936406702819
"83653",0.732077605358791,0.733785846369264,0.735436787082553,0.719743381487263,0.713443829755746,0.722974974502686,0.721189409410045,0.723435689518586,0.728713980341221,0.73777984388364,0.741775701952579,0.746078428810624,0.746932937011814,0.732350846218994,0.728053864797752,0.721010153369976,0.718754665281417,0.717326966077743,0.723941484316173,0.732053844837437,0.732740066843063,0.729997109118726,0.731082017567514,0.738124252772496,0.742181955759537,0.738056407106817,0.73974284800122,0.736943654402631,0.724964049657907,0.722952791033273,0.72438283698457,0.724610323765441,0.738995976522622,0.74834308870709,0.751826306741559,0.749810600342225,0.731851666655161,0.717673186283738,0.710750481714608,0.696921976296266,0.685925990384983,0.689848910766403,0.685776905647307,0.683303752795589,0.677470067816026,0.674300403943147,0.678330279460575,0.680653319364864,0.682283911065946,0.684076875662262,0.678876093590283
"84371",1.25615798795188,1.26359696927616,1.2623241761641,1.24317082759344,1.23164294573424,1.24384295294338,1.24392710699532,1.24755972134675,1.25671462790838,1.27070055066284,1.28070323399647,1.28663004520034,1.28847926126885,1.2677492253446,1.25973290664224,1.24682049814976,1.24085339252468,1.23718383733994,1.24740280836822,1.25814530006292,1.26475943010845,1.25305982333003,1.25955274967896,1.26872226168335,1.28070921228059,1.27202579616801,1.27338160977496,1.26676587702544,1.24714482664381,1.24553891786075,1.2432374571078,1.24746953330131,1.26431471558021,1.28140947795573,1.28698377328078,1.28697105942246,1.26146779004519,1.23593822197228,1.21964929933056,1.19848934222226,1.18064303834808,1.18160927287693,1.17522885328211,1.16915216469877,1.15413085457269,1.15618656478631,1.15933008231941,1.1623225677759,1.17091306409499,1.16537310701348,1.15976891230729
"84372",1.42504184375866,1.42865167465801,1.42823925540961,1.41606179444528,1.40668514055494,1.41508924993758,1.41643624865583,1.42277168279155,1.43477348518395,1.44865626173872,1.46171962677033,1.46457934559198,1.46794810119428,1.44883607474802,1.44183024011314,1.42898654101524,1.42636150577442,1.42529140617356,1.43632989207171,1.44939628912977,1.45774387936314,1.44930507272383,1.45741148957989,1.46276755665691,1.47013514662637,1.46823530096257,1.47438768329152,1.46550879032912,1.44192799745295,1.43838977891792,1.43380013592216,1.43903992243736,1.45268537746326,1.46844831336178,1.47166384161907,1.46973435218981,1.44294849233137,1.41246093582252,1.39223475642795,1.36753311658372,1.34825893577943,1.3459007193773,1.33663777734577,1.3344600754742,1.32275137218377,1.32098392597665,1.31888846388962,1.32282975027914,1.33565298443949,1.33765551179822,1.34001022884904
"84373",1.44214719130468,1.44471573218166,1.44645140111385,1.43275206938176,1.42448566850178,1.43370225121797,1.4334312483139,1.44075996464541,1.45312978926823,1.46763055402634,1.48097227376021,1.48333112133473,1.48644695401118,1.46632606727661,1.46056817602583,1.44834260637205,1.44656730598867,1.44663372309773,1.45864702242049,1.4723782893468,1.4799475950516,1.47164832415743,1.4791329578388,1.48456762712671,1.48947550744276,1.48861746976111,1.49627193026122,1.48710920312192,1.46645225326524,1.45909706598111,1.45443789278627,1.45919187074266,1.47337003193234,1.48780918807451,1.49022484010752,1.48640455565967,1.45652915961772,1.42715180041188,1.40732211130233,1.38168484252513,1.36272152795869,1.36180847571219,1.3526536054812,1.35030367738242,1.3411810105272,1.33735784432549,1.33507992114854,1.33768317531517,1.34748581896305,1.3541754929822,1.35939576274631
"84374",1.28476837719209,1.28788783336083,1.29013336788609,1.27611068280989,1.27010055375234,1.28048612147213,1.2785776944156,1.28642715137576,1.29751638735386,1.31160743259719,1.32367404937588,1.32380134816835,1.32647422956747,1.31020029713127,1.30279160303868,1.29310579105105,1.29262038837339,1.29583144179605,1.30661177147816,1.31782633395882,1.32652398179615,1.31696486911567,1.31951801506939,1.32913628982436,1.34043596644499,1.33306158104058,1.33996213302728,1.33192504529633,1.30913399607558,1.30523562910645,1.30154422595768,1.305833492224,1.3201777218398,1.32848111995341,1.33268433536516,1.32649202690229,1.30017590622225,1.27048862513019,1.25529701316166,1.23319646706792,1.21420183679482,1.2181130428057,1.21342420745043,1.20813452487606,1.19522528340561,1.19581040173458,1.19457204961193,1.19257025595031,1.20940061279749,1.211478503438,1.22023120960643
"85091",0.982199349652365,0.985971514728296,0.986799411959607,0.975531106284075,0.967986873410496,0.976504299758956,0.976895404625922,0.984132803622357,0.990829208820838,1.00169870000552,1.01035187108453,1.01164161324045,1.01370575558443,0.997383220454057,0.990343637292259,0.98552267882374,0.985959203152941,0.987260259363883,0.995076640386572,1.00362309686442,1.00914866088877,1.00544009743403,1.00475804955389,1.01372014951539,1.02265454567557,1.01741322997256,1.02102705407709,1.01406830179546,0.997675249543305,0.995069452993539,0.993098116543608,0.996623647376868,1.00947865058267,1.01791452296095,1.02416872439202,1.0171244125751,0.995717234527821,0.972858258776612,0.96210464135449,0.945471623431136,0.932235489945296,0.931123593444229,0.931479569924918,0.923916599174608,0.915155870958351,0.915277032197899,0.915951602921108,0.914489168708849,0.924394130539221,0.928624322512053,0.932206969104239
"85092",1.5034568250303,1.50376559927774,1.5033779724907,1.49110310032487,1.48204608677293,1.48927758329129,1.49116659287878,1.50016148112371,1.512017914507,1.52497046887449,1.53769865912449,1.54177381511262,1.54562799370916,1.52636252597843,1.52188600188474,1.50807196093762,1.50883872138531,1.50717523324333,1.51842018169407,1.53026857041742,1.53634003916786,1.53528095991723,1.53529265653753,1.54339351029006,1.55250232970905,1.5494300204933,1.55659782670218,1.54646539133256,1.52376389978928,1.51878214807808,1.51226309077397,1.51851650306172,1.53170214335023,1.5418982532588,1.54729496755734,1.54384854162056,1.5135555695146,1.48339632543395,1.46282538178133,1.43668655257466,1.41892781985482,1.4129311000079,1.40844981778792,1.40304527442258,1.39145405480027,1.39000414467352,1.38607661452713,1.38644827481782,1.39864384378575,1.40764610927524,1.41285259590212
"85093",1.61134913656642,1.61150850281546,1.61131926539477,1.59845949606284,1.58834660263139,1.59648102340142,1.59726600439616,1.60681738618457,1.61912455900157,1.63284847443517,1.64637748264178,1.65034822147909,1.65435121092225,1.6370387194696,1.62784838043185,1.61531852700121,1.6165972928187,1.61393843624317,1.6250518522954,1.64008193238867,1.64654887146837,1.64393096224287,1.64348483212965,1.65122655762605,1.66124691394222,1.65750550103438,1.66545107326041,1.65525367631328,1.63110060775819,1.6256665933853,1.61862377055532,1.62470316025448,1.6386715047886,1.64469229118009,1.65304926328928,1.64824664988742,1.61488829970507,1.58349075834658,1.56439294406957,1.53356063159733,1.51561945451501,1.51086325206288,1.50562388391919,1.49988847778054,1.48874730167942,1.48585423004508,1.48156772722593,1.48102865317399,1.49354388190091,1.50467310866372,1.50954355423152
"85094",1.44720368221679,1.44708238266487,1.44680481179781,1.43541466225669,1.42719257289793,1.43393433824102,1.43299169100104,1.44103894185853,1.45184406649733,1.46326386948128,1.47514934519518,1.47826771220424,1.48149081103034,1.46686854995113,1.45940510658106,1.44743677158221,1.44991763355326,1.44767937897559,1.45768444910345,1.47051482009703,1.47542676658909,1.47152498669494,1.47131333885462,1.47775935939635,1.48643203135306,1.48231073777741,1.49062372417927,1.48116027194917,1.4592662025568,1.4549361778071,1.44820236620619,1.45366704200254,1.46511454081596,1.47350936976332,1.47644866117901,1.47174282947703,1.4433161054291,1.41628630190344,1.39703191445173,1.36929975400948,1.35454814608861,1.35226947809514,1.34692487430846,1.3423389770276,1.33188398027197,1.33184722251135,1.32503967329309,1.32373040543558,1.33534765181401,1.34489726069202,1.35062672959383
"85095",0.535317692249373,0.533515461781916,0.531275312158143,0.531326082723805,0.530197757092512,0.526665697884593,0.526916753190867,0.527696577348763,0.531635939127818,0.532430694470887,0.538523346855061,0.539580749429341,0.540432929160432,0.53851942714397,0.537082143176846,0.533190827663498,0.533175236518527,0.530340844720454,0.533509687596295,0.535827274679656,0.537548077213298,0.536849903076176,0.538405884305806,0.536787650300008,0.53796389214374,0.537943641185759,0.542007045684007,0.538965364133625,0.533781757602675,0.532486953088242,0.527707122824733,0.530121655333806,0.530095962930886,0.533722722621701,0.532669444679318,0.532920287891002,0.525078540594075,0.518212320325938,0.508117085744198,0.500849113261177,0.496967714020771,0.494933777738959,0.490638805509574,0.493437010663856,0.489274427319576,0.490287993579436,0.484082121071344,0.485080590737043,0.48649851663207,0.489781801461235,0.491593965337578
"85808",0.457861447181494,0.458164974100775,0.456855647177885,0.452826909523506,0.448559696270905,0.447158052874943,0.447741936985271,0.448494935881621,0.452584205031304,0.455326126270272,0.462497571965393,0.464814330370086,0.465357453914335,0.46184104211235,0.459658231844058,0.454971541529595,0.452692845422221,0.448221280547532,0.450697536843751,0.454174680656878,0.456621286990256,0.45401392496218,0.454300696004882,0.455023318657633,0.458311357758306,0.456841267151965,0.458652953602317,0.45586863999911,0.451882984974529,0.451318650010185,0.447002996574135,0.448563158275008,0.451144357937599,0.456135635056884,0.457983439015042,0.459757964257677,0.453685215918389,0.447706731325825,0.440158854015168,0.433074532832615,0.428137841760007,0.42543661816366,0.42250678642724,0.423900857984001,0.41848890296813,0.419915175580958,0.417231721632649,0.419876211182706,0.420450661754508,0.420043385312361,0.418135861466568
"85809",0.934868606766395,0.938813294975758,0.938830425548088,0.922033352940437,0.911619263949227,0.918601080034847,0.916767960611478,0.919183355454995,0.929783729127384,0.940275674627496,0.950430859311017,0.951707432310526,0.954694439883648,0.939042408775657,0.933900103883716,0.926149205486117,0.920600828431839,0.917855871634404,0.926490366862855,0.937366671199861,0.94186512993959,0.930114243609238,0.930499368918222,0.942112695718434,0.948559247331394,0.941839166125927,0.944052843277447,0.940179018740796,0.929016037304142,0.926147727970764,0.922938036946265,0.927686779980539,0.940479373323725,0.948935412824662,0.952551389852579,0.952559740990448,0.932213799906928,0.915050489381482,0.90566056516662,0.885361166970905,0.874236449000616,0.879042913571549,0.876880426540739,0.869939922374615,0.86119875063369,0.862590938058892,0.864256939031676,0.866404495007201,0.866186212135224,0.866005051541426,0.862723751725204
"85811",0.649342568468273,0.649235006382895,0.650945072361162,0.643600676975743,0.638739164612437,0.642964684095652,0.644253082395899,0.647652992127126,0.653198615905911,0.660366539390003,0.668497850788491,0.668453848519828,0.668853805465141,0.659576353563852,0.655025087696721,0.652099195036292,0.653054654287841,0.65381894138951,0.656644150526655,0.666099249337144,0.669172938067338,0.664683581920543,0.664197791444645,0.67171065797518,0.673115175732675,0.671178871473622,0.673115712359166,0.671468582407377,0.662334215231558,0.656141337902719,0.655881533213091,0.658035367166347,0.667558436046268,0.671451893386978,0.673259216948541,0.669151049839151,0.654195182990193,0.640931137132173,0.635634164649457,0.620010951965086,0.613179377690701,0.615254645749026,0.611728265581698,0.60858448392764,0.607141499891547,0.60457591122623,0.604209104372185,0.603623896122945,0.608136093027001,0.615400733141028,0.615460033307885
"85812",1.35577511635274,1.35139463453436,1.35073142219576,1.34154705962746,1.33528515633899,1.33838583656622,1.33936345711184,1.3465880397109,1.35884287810398,1.37137756826774,1.38342566836581,1.38602567595252,1.38977222139397,1.37557875900974,1.36744745441332,1.35731417319575,1.35999342515704,1.35759417176585,1.36344706164087,1.38046064339871,1.38343710588513,1.37906939238612,1.38125360880767,1.38870836598009,1.39092912690228,1.38814565692042,1.3959335598719,1.38815208567791,1.37297107308281,1.36281381186374,1.35729946868204,1.36435335338655,1.37549309289093,1.38242768654206,1.38511652100363,1.38105289281316,1.35419732402356,1.33019292111761,1.3160098978523,1.28626179651373,1.27217451202528,1.26967857379559,1.2601910118971,1.25936741120244,1.25382213266419,1.25180346848942,1.24482628610126,1.24720549605968,1.25240920376588,1.26536069671345,1.26728182177374
"85813",1.58852586937865,1.58425982464527,1.58285898657873,1.57071935331642,1.56439607179991,1.56805927012439,1.56827466648744,1.57560942576571,1.58882632627385,1.60327706489335,1.61982143423385,1.62080707806328,1.62473811680603,1.60614913346027,1.59742110717299,1.58993556433957,1.59006816832616,1.58525872632711,1.5943485059409,1.61436533163622,1.61669293094116,1.6094090824472,1.61757884983001,1.62362063068941,1.62437699404727,1.62027860005011,1.62730615300941,1.62166230961865,1.60200484796424,1.59263328099439,1.58477358045,1.59029481546975,1.60388725798892,1.61049680136211,1.61383744933096,1.60594004093494,1.5756251814357,1.54968510715051,1.5318283398499,1.49628269587107,1.48042772383689,1.48011064216955,1.46319173387206,1.46517722951919,1.46019321025669,1.457323257868,1.45017811324163,1.44882319014366,1.45544658476202,1.47188083101554,1.47486457045046
"85814",1.54305037991799,1.53824892757511,1.53427722595913,1.5264828415933,1.52102716170441,1.52050148982453,1.51812062980197,1.52078876916419,1.53132499638765,1.5419887652554,1.55626605806658,1.5587921301418,1.55827835121557,1.54364118318376,1.53864532989442,1.53010522324851,1.52888894297512,1.52573724468625,1.5339055425217,1.54369708753437,1.54451060677315,1.53541764108182,1.54384922139666,1.54286734262906,1.5414096995632,1.53516512753239,1.54469272313348,1.53837828185437,1.51799938779809,1.51308359439602,1.50176166755831,1.5079232515032,1.51761579233769,1.52300116790765,1.52102334012332,1.51314003125332,1.48876855337672,1.46293036767528,1.43896044605365,1.4125469813536,1.39874953496738,1.40170447396424,1.38393306838715,1.38939849630911,1.38328131452248,1.38192647864147,1.36687138738782,1.36291968928916,1.3703338826928,1.38036324824554,1.39105695820844
"85815",1.06331039138677,1.06286628391665,1.05959417660468,1.05421699136791,1.05075793934618,1.05071880104298,1.04706983624248,1.0488881223314,1.05516577026182,1.06276640244871,1.07169956159443,1.07264584925654,1.07182184666488,1.06083374972282,1.05836332377695,1.0560507811866,1.05300350507985,1.05431207750334,1.05779001613231,1.06568106968668,1.06484706131345,1.05483575996164,1.06258071297389,1.0597408010238,1.0579108080462,1.05617350397864,1.060603008041,1.05701969088419,1.04194849940783,1.03838458229745,1.03294870069591,1.03772042172604,1.04516764294691,1.04778281929185,1.04567194085247,1.03733900512767,1.02117105999323,1.00152366816149,0.987461689179186,0.969226643415297,0.961072501732932,0.967967508976558,0.954016452033923,0.959476500344027,0.956191776490823,0.951070715221435,0.943594406379047,0.938842556182096,0.945519900648472,0.953144546573861,0.960269725048956
"86529",1.3613960201481,1.3588472108069,1.3593110824812,1.34519528103639,1.33724170144525,1.3409377216663,1.34371903666996,1.34919594213671,1.36294211923094,1.37901753869086,1.38922037266937,1.39283224647553,1.39269569506297,1.37629486107368,1.36790959675499,1.36007247888173,1.35846779179295,1.35836728984095,1.371867495519,1.38976631157033,1.39334629971052,1.38461441291318,1.38780884587837,1.3966820524177,1.4011161507414,1.40381169020676,1.40635090883385,1.4009216303649,1.37867100370574,1.37101810077451,1.36769509070698,1.37567110261131,1.38999537391092,1.40005838634525,1.40535683320527,1.39853173201927,1.37074146476887,1.34390906032488,1.3251572936759,1.2965216117631,1.2814896985308,1.28704074905665,1.2774691872747,1.275107567464,1.26936057229169,1.2629180602523,1.26033925309889,1.26133311991393,1.27311147686745,1.28354498700558,1.28611101667767
"86530",0.719267664873041,0.721957961902667,0.719189519783579,0.709574019574031,0.707388630286,0.708556235013247,0.709619987256643,0.712008579360856,0.720501115157522,0.730392156810638,0.734215680366432,0.736386258085413,0.7372216928184,0.726371077942673,0.72195454695017,0.719696822471508,0.720941303534913,0.722113672262078,0.728685286066382,0.740414859420237,0.741793553547299,0.732538210606249,0.736758693526963,0.744991127512078,0.746351195435279,0.746812109548465,0.74776115569748,0.746280544980075,0.732779572532397,0.728345794428363,0.728185238411021,0.732233052043703,0.742793637147632,0.747416966736085,0.749153478834473,0.743156094061349,0.725474388627813,0.710731980796297,0.704776530551351,0.686631117490032,0.678805810065942,0.685797780996916,0.681889091230437,0.678818011842773,0.675187697649606,0.671923382381921,0.672043310623227,0.671306550649376,0.677948854743833,0.686338314629537,0.688262681611791
"86532",0.871305641694926,0.872588569373643,0.871508842808766,0.861794725787824,0.860115335536343,0.86402979634609,0.863337075253171,0.867490370351337,0.876381543399672,0.883076694954897,0.889609996742496,0.892453825508164,0.893862206513692,0.883580246729591,0.878546337743536,0.873809914253836,0.875314844647677,0.874407868751991,0.87913729194307,0.888146089257957,0.892008419821249,0.883731025899603,0.889883330329774,0.89508736212363,0.893650269480027,0.891737145798638,0.898189826752576,0.893951430122695,0.881318038641005,0.876591140654948,0.873447257083394,0.87779192229006,0.887082755598876,0.890269939965563,0.891081145059371,0.887416000408177,0.867888402677711,0.853228818778163,0.844154571706325,0.826638693761176,0.817461760882111,0.819525168773224,0.809741227433904,0.813186589880015,0.809738474013395,0.806605025906469,0.800774640997265,0.800182817007287,0.807250055837978,0.814514538915877,0.816533585003102
"86533",1.33777646355666,1.33943554854525,1.33213345372773,1.32317966520821,1.32071682378839,1.32148809141425,1.31885883734437,1.32060415600491,1.3320729109832,1.33842375642606,1.34909867064568,1.35318887137182,1.35173498763096,1.34061015582126,1.33668094572896,1.3298722739813,1.32903810241747,1.3235081720214,1.32986391037134,1.33691839734849,1.34078897155936,1.32631381080396,1.3386484363867,1.33847866895923,1.33716470086606,1.33015852262721,1.33843060616646,1.3333143108774,1.31632661104433,1.3109258204654,1.30283169084768,1.30884335059883,1.3190670090522,1.32169802330347,1.32120849000036,1.31312440500248,1.28891929473706,1.26797070533425,1.25072745987478,1.22867118273965,1.21547130503797,1.21761646362777,1.20124983990964,1.2094887825481,1.20069040922827,1.19890564054008,1.18620855529788,1.1815725676282,1.19112769554158,1.19933349301465,1.20406557410401
"86534",1.48547067912514,1.4843600478924,1.47497841821924,1.46853752225239,1.46425213204769,1.46450996042619,1.46068996103051,1.46156419529935,1.47295764621893,1.47973888751014,1.48908146621559,1.49318404017016,1.49251118076649,1.47893942511348,1.47546101963568,1.4687071811294,1.46624303212384,1.46301902320658,1.46977276108436,1.47778393702473,1.47738337707071,1.46287161615256,1.47743996441631,1.47343301777883,1.47225948392883,1.46554520018065,1.47199342821146,1.46614720447679,1.4473981026525,1.44183947052611,1.43434536113372,1.4409811014436,1.45142547555939,1.45348349416661,1.45222048382028,1.4416132821796,1.41744403179738,1.39222786420905,1.37362349565448,1.34989837741412,1.33546062723663,1.34039100793222,1.32268779416028,1.32970936239224,1.32018272931892,1.31899804805957,1.3067608398634,1.30253416136342,1.31164050482722,1.3195363801391,1.32601902342531
"86535",1.29155475747684,1.28823872378157,1.28283880472771,1.27819703622093,1.27376090001524,1.27401727866736,1.26996013411251,1.27034888675288,1.27827511735109,1.28514887390013,1.29270524914785,1.29593796856883,1.29504003086778,1.28246331533694,1.27960554566934,1.27541008510338,1.2728041179769,1.27056085747579,1.27626664390747,1.28279478524035,1.2816157361076,1.2718221368653,1.27908999097675,1.27840208946427,1.27469317561874,1.26766243557202,1.27214296414458,1.26662123758161,1.25150652927385,1.24782877290865,1.24121021226581,1.24675428000204,1.25736503591257,1.25739089869143,1.25616297251623,1.24456656152083,1.22648000793571,1.20387340924329,1.18712763588265,1.16616838461866,1.15673147877979,1.16257912257293,1.14969997350239,1.15200553866789,1.14580658372893,1.14578385252599,1.13630091199658,1.1314649784941,1.13899965926009,1.14569984868451,1.15196413752841
"86536",0.498874923708354,0.496797253511937,0.494261583933989,0.491606464745239,0.489719403628157,0.48786124870549,0.486657578100621,0.487241367418194,0.48962687228377,0.492351405897773,0.495056189774156,0.496231926372812,0.495998955606367,0.491400399670547,0.490292160374445,0.490616829367549,0.488217615541179,0.48936641905215,0.491385913488631,0.49610428857998,0.494223824354869,0.493112341692289,0.494860686986854,0.495711000893283,0.494037908494771,0.490488730365299,0.492473903796442,0.491005639652837,0.487919404695632,0.48616474982232,0.483917413129019,0.486237938566931,0.489858294616372,0.492914412544539,0.491748269870293,0.485729507327918,0.479872106722133,0.472168962408438,0.467836478863413,0.458060768012156,0.456188314116944,0.459052891998751,0.454922825590281,0.454630739681429,0.452639814202982,0.455430329085112,0.451836841438248,0.450350882137573,0.452224874162856,0.454927208033026,0.457568954427408
"87249",1.74866008395547,1.73666938295803,1.73720058344154,1.72440679295988,1.71411970424735,1.72321581181276,1.72236716069281,1.72751013432076,1.74976918533206,1.7648112719406,1.7786665422686,1.77548848399994,1.78048576718419,1.7599440272054,1.75065699743333,1.74022670423854,1.74006664763682,1.74211909589659,1.75341564463546,1.77858299030497,1.7805480761781,1.77688170649614,1.778967992543,1.78711645080446,1.79137132144863,1.79089437646485,1.7998313830767,1.79040446631059,1.76854466883498,1.75841723733512,1.75164935995682,1.76728343855069,1.77772176200396,1.79007364173725,1.79641987034423,1.78623807284002,1.74710432645648,1.71493568295044,1.69392264679694,1.65555322541496,1.6373781158693,1.64172726664136,1.63355860169854,1.63215683077747,1.6228737328157,1.61703911256371,1.61257036763388,1.61849634149641,1.6240548032591,1.64205950658235,1.64928501554823
"87250",1.58904960955479,1.57961891996682,1.57969540697935,1.56779661934562,1.5575161952317,1.56620292617783,1.56501646121085,1.56972651039185,1.59019294029233,1.60393789622237,1.61320248580426,1.6161654692294,1.61914412034706,1.59766365330669,1.59010835592238,1.58189023929673,1.5822350681736,1.58537561321029,1.60385874307507,1.61917802216673,1.62058715490257,1.61596843206114,1.61815836219806,1.62691257889293,1.63039038766484,1.62830523193071,1.63574601526346,1.6284305040286,1.6072204989651,1.59783933270102,1.59254039774763,1.60328595741055,1.61940907279533,1.62827588874578,1.63262840057027,1.62184215035896,1.58560513912049,1.55485128760176,1.5326780223214,1.50021839208352,1.48361317626177,1.48882367586696,1.48178363539244,1.47958176909023,1.47159157755714,1.46616235918234,1.46313038117113,1.46682399778849,1.47233485316716,1.48919825918723,1.49691092301319
"87251",1.32132732737082,1.31176947099487,1.31504861860177,1.30308692712056,1.29223024906608,1.30429707210582,1.29867306127998,1.3056254128558,1.32026749058126,1.33537248965807,1.34153514286345,1.34299363079534,1.34665128366137,1.32484174404825,1.32316942975082,1.31620541583487,1.31614282385747,1.32172758623971,1.3379482582689,1.34989468226575,1.34871198865251,1.34613794001023,1.34577407597535,1.35591534460232,1.35847823480877,1.35404138331773,1.36263436978047,1.35456472012342,1.33989060789974,1.3272910433585,1.32472948738903,1.33478631574486,1.3469320634346,1.35624163030206,1.35699921713178,1.34835647180134,1.31414921354416,1.28565406107299,1.27001411923152,1.24287392500908,1.22934006471116,1.23698151845751,1.23221029335094,1.22820077546605,1.22303865192413,1.21661070419075,1.21633372918947,1.21800338651792,1.22169717810063,1.23462336443262,1.24502109096697
"87253",0.705406587509788,0.701218386028229,0.701227704309741,0.696996257707411,0.69213631690602,0.695145836367676,0.691156602880592,0.691746851030345,0.698036735376567,0.702469921619058,0.704506522336806,0.707236929378183,0.708509783026026,0.69883651206402,0.699469956593838,0.697550264087999,0.696475375277319,0.694258412474637,0.697468485669602,0.701323162436976,0.700868027311602,0.697596538801102,0.702478470183286,0.70257658111344,0.700268660812772,0.697698664307981,0.701895283716574,0.699169177433741,0.691353406686492,0.687554943478901,0.685701262605388,0.689313536661853,0.6934067240921,0.695398488666654,0.692402201526373,0.687549226874705,0.673203206420287,0.662115322195617,0.654296171627939,0.644368107231004,0.635398985898311,0.639869380362888,0.630862617817118,0.633510758207933,0.632154896506621,0.628723510390685,0.624613285156782,0.621912376446044,0.624422086673195,0.63056158950593,0.63562723483401
"87254",1.22258943771158,1.21673503460849,1.21484132595619,1.20895902195251,1.20117097516816,1.20510863124766,1.20152033653998,1.19983577452476,1.21203250975262,1.2156203070788,1.22001519996795,1.22384658595481,1.22550857095113,1.21288792592876,1.21103284000751,1.2047604696705,1.2055673670312,1.20001037400095,1.20116833490098,1.21216295389768,1.21028821120639,1.20316846496522,1.21043574227325,1.2094783195776,1.20605679438822,1.20027501641773,1.20336151631856,1.19922250280502,1.18424568322027,1.17916227030267,1.17629264636296,1.18229530869014,1.18697250015913,1.1885151277064,1.18704512305427,1.17923740581774,1.15605067898541,1.13899009897062,1.12723149291041,1.10558211080101,1.0937284940766,1.09824140474098,1.08428134543502,1.08854547701631,1.08553419389392,1.08175327293006,1.07434050053292,1.07147822012203,1.07458224951758,1.08478214863607,1.09074839861772
"87255",1.38627243028241,1.38380314100453,1.38169865560198,1.37368356688506,1.36799990276198,1.37176447197219,1.36742995228109,1.36614556026372,1.37918835657738,1.38306403526836,1.38696677556026,1.39040367080767,1.39088617440126,1.3762012525551,1.37258833855716,1.36823951990312,1.36756914028141,1.36145350896834,1.36655673797364,1.37406049843333,1.37577124740184,1.36397524653151,1.37056131135836,1.37052033885725,1.36437226439523,1.35652701400948,1.35880177211802,1.35273019000439,1.33595111331359,1.33160062832402,1.32841598274922,1.33299103840021,1.33897685468968,1.34178865860901,1.3414250288459,1.33219600407226,1.30789984387182,1.29065120470123,1.27350973907237,1.25351381875162,1.24265663842096,1.24735343035945,1.23227144884341,1.23557202603662,1.23277531735626,1.23091893132746,1.22357828489943,1.22242124083986,1.22646353686171,1.23668542120438,1.24227374334443
"87256",0.926975001500978,0.924106030585799,0.922357093247092,0.915606617760824,0.916017731602082,0.917507364997212,0.916698959146923,0.915312097603272,0.923193435890092,0.924327221506376,0.926299888122167,0.924654186556458,0.92019394608683,0.90960091889444,0.905674503491312,0.907490427176074,0.905065054281935,0.907815150444709,0.905946609010644,0.910833863947756,0.907174845788879,0.905348525076166,0.908137494916312,0.907745153771033,0.904581812147235,0.895504247447737,0.895581779499162,0.891792349029825,0.884761018357307,0.881430897349584,0.879425870598927,0.883359554726792,0.885156419785268,0.893163265614186,0.892867831310357,0.887327631456414,0.878160373726935,0.868325654803128,0.85742038358029,0.846320546803521,0.848693391427704,0.84900076888284,0.838767360787255,0.840350347833644,0.836080275534739,0.843584854378826,0.841364760694798,0.846577315618829,0.848276120451689,0.854071288629205,0.853976125014624
"87969",1.86538406814871,1.85314337491238,1.85134256031454,1.84456193104628,1.8324928531493,1.83317481881114,1.83377128811209,1.83615375460785,1.8562487510914,1.86781514127324,1.87340487086361,1.87624413276574,1.87998774051094,1.86165479815083,1.85121102480608,1.84069087141762,1.84106867297941,1.84560719227124,1.86375451728583,1.88333922102624,1.88287249153076,1.87546651322361,1.88410556607971,1.87907458102308,1.89292426818067,1.89146829121359,1.89636793129164,1.88632714396386,1.8609360042986,1.8586417742759,1.85409411172858,1.86782694249358,1.88139991940185,1.88524096447822,1.88994973437134,1.87559284250806,1.83961362520728,1.80570858109612,1.77123068169501,1.73708649998738,1.71913205862864,1.72546168747653,1.70607488322155,1.71561249865563,1.70222010432076,1.70141892137947,1.69211138948132,1.69837943104181,1.70854573177536,1.72090753534661,1.73368055461579
"87970",1.79873440563315,1.78768122044075,1.78541339737352,1.7794604439079,1.76766920633246,1.77147035834822,1.76886511917063,1.77279520801072,1.78969206453277,1.79881088715745,1.80596582290615,1.80955211395225,1.81100167765949,1.79459387663288,1.78474405862084,1.77498648355104,1.77593022285889,1.77954483439872,1.79673153926422,1.81531306809932,1.81512452799766,1.80759032158229,1.81595907491636,1.81112365912499,1.82330846654172,1.81716273742627,1.82167590113902,1.81262338145895,1.7907721310781,1.78977852869248,1.78400602098246,1.79621348047817,1.81145752051019,1.81293288606951,1.81489471085905,1.80291932945413,1.77001196247067,1.73584999879234,1.70122966596968,1.66871279449546,1.65147742886443,1.6574596248157,1.63968904110118,1.64836145637873,1.63510582984113,1.63598823901427,1.63102659441246,1.63197789417079,1.64066474719492,1.65337488920987,1.66499752496701
"87971",1.68902143509622,1.68441088113956,1.6800077929248,1.6752520783028,1.66299005738561,1.66831016783745,1.66274972657129,1.66534327520265,1.68057525712042,1.68968346121779,1.69633886037698,1.70144921057691,1.70257895182614,1.68623944581026,1.6804621091407,1.67309648346008,1.66845531702554,1.66918328704886,1.67804780542414,1.69890447278638,1.69809428119436,1.69124063591705,1.69659913930918,1.69048919445048,1.69487910260953,1.68153842209749,1.68880303250405,1.6829874038002,1.66352889160889,1.65760252279848,1.65462921511628,1.65939423120049,1.67368816015436,1.67615216207672,1.67573453626554,1.66466526466018,1.63553047298022,1.60404445397917,1.57325577949052,1.54513872371513,1.52883225977868,1.5309137253081,1.51885980552911,1.52635440243713,1.51602613830447,1.51863695137933,1.50679520404652,1.50247063827373,1.50788797876354,1.52009900794218,1.5318777748699
"87972",1.32456749313278,1.3240378792314,1.32058154447591,1.31522141666681,1.30600898668774,1.30910408245559,1.30612987959003,1.30910166761112,1.31972098033539,1.32685256764314,1.32970544724238,1.33327598544768,1.33451018573651,1.32037966294568,1.31607851369531,1.31138776634414,1.3082103923858,1.31076000814786,1.31356856752206,1.33307648343624,1.33317005846674,1.32427305051902,1.33062228591633,1.3256006889349,1.32419239493401,1.3214344576343,1.31659296260621,1.31440530455381,1.29847664808356,1.2946297404537,1.29329671128383,1.29688644736035,1.3107017095054,1.31022210429778,1.30905877378428,1.29674829020941,1.27425018084638,1.24909345612009,1.2284448608281,1.2021637467018,1.1914599371466,1.19763007966356,1.18723466556708,1.19361254883133,1.18940916047126,1.18360037895726,1.18074933836772,1.1733113074329,1.17813758814972,1.18838106120299,1.20083818231865
"87974",0.849475782849913,0.849614756016201,0.84866885967842,0.845048517051067,0.839776860630069,0.842510560671893,0.840059997072843,0.839185175128204,0.846722417292957,0.849723550726907,0.852237988641737,0.854191983349099,0.853789491043593,0.845539266324533,0.843660526766721,0.840184510454089,0.838998666440627,0.837992596961572,0.839513707826302,0.847678942957417,0.84763929425025,0.841635292329949,0.844291566265076,0.842909103330203,0.840637088298976,0.835941105348819,0.834510221528162,0.833162234087995,0.822363378185612,0.820272996694789,0.818204157509339,0.820755431574349,0.826668159476894,0.826268061019233,0.824388614935699,0.81909940314416,0.80604088143925,0.792989389369299,0.782232725996276,0.768514712407587,0.762582619175989,0.765030450372549,0.757368711041929,0.7606783210076,0.758287944545829,0.756537396546444,0.754174871417402,0.75103224988361,0.753798912093769,0.759593004430938,0.765534753743973
"87975",1.34064561816922,1.34062310970081,1.33640822866656,1.33184258526369,1.3271860917687,1.32949889066611,1.32521024289831,1.32673802412483,1.33867042739894,1.34062274601181,1.34604623724135,1.34684920875359,1.34269861272188,1.32967065290675,1.32773982060488,1.32037860822646,1.3192962290476,1.31707263080607,1.31989754089674,1.32782039922775,1.32834628477666,1.31972648474699,1.32495736412106,1.32053043278081,1.31574171624674,1.30707750426533,1.30437871610345,1.29881262352586,1.28405668822327,1.28175812872735,1.27715062601024,1.28159659595082,1.28815993774594,1.29001464098684,1.28573512066018,1.2807778073159,1.2615363601236,1.24635519468876,1.2299891814308,1.21168565797267,1.20477960334699,1.20731230011893,1.19544538471568,1.19997540063719,1.195235434133,1.19567512682309,1.19306062668623,1.19190131947829,1.19432200449454,1.20446256782519,1.21086052592371
"87976",1.22093894197387,1.22083691421064,1.21482655162024,1.21038564020551,1.21180822555332,1.21050268673504,1.20822234840958,1.21197707992344,1.21842787636899,1.21841632165076,1.22217373865915,1.22027280607884,1.20990962608898,1.19868106805865,1.1954028709332,1.19040052817167,1.19112667746907,1.19098789907065,1.19330946382756,1.19674620189195,1.19281837343758,1.19234728258163,1.19450824139826,1.19037129160002,1.18395654862004,1.17425633369759,1.17334706100801,1.16433533889093,1.15796352429268,1.15602494243309,1.14960904541499,1.15478345024058,1.15663367734869,1.16462080288852,1.16256259086681,1.15891237213177,1.14749375029879,1.13977893460867,1.12037598831847,1.1099878612651,1.11376338063983,1.11014168520915,1.10016192156229,1.10228396016335,1.0978778491224,1.10636168679067,1.10420181494803,1.11191746211352,1.11421251349443,1.12021991895676,1.12097109754892
"87977",0.838773837243207,0.839006482901509,0.834301129666676,0.828486187708483,0.832068298970665,0.830908747692206,0.831785785290603,0.833685245779647,0.838271280254439,0.838388673867082,0.840367710292044,0.839441756624886,0.829965787374743,0.820856798093208,0.817191895407314,0.815392605720003,0.816578095575141,0.817653009742228,0.817848782310617,0.82142906166451,0.816121185794051,0.817393421503635,0.818265470552591,0.818749125299733,0.8113921343915,0.806025677893473,0.803080878281537,0.797121548498425,0.795270170296517,0.791896345405697,0.788006762308634,0.794848903459009,0.795024195202011,0.800529620322451,0.801221253035912,0.796612390267073,0.789843040783873,0.785734339766467,0.774861906875782,0.766414042617361,0.771441513445674,0.770571945098415,0.764292230103787,0.764219170093657,0.762221160378524,0.768702184451361,0.769495312925107,0.775651582690087,0.779086905809841,0.782485961397772,0.783002185361145
"88689",1.72811618376363,1.72203499889994,1.71675499230112,1.71131896002714,1.70151493030523,1.70213320054333,1.69985986293182,1.70287015234145,1.71858420689719,1.72688095478858,1.73492842778407,1.73377136292066,1.7400557439851,1.7237897349662,1.71354380393011,1.70432699273699,1.70465549428987,1.70759810134422,1.7151312502403,1.73728726552436,1.738088725437,1.73314940781499,1.73826073301007,1.73504110803244,1.74306447124289,1.74176143219797,1.74645061224225,1.73862322370746,1.72214327108362,1.71671903271141,1.70839890156632,1.72175110144586,1.73368767303227,1.73763177352746,1.73973968492687,1.72657021664206,1.69553728766489,1.66491505849401,1.63827215170285,1.60228335905012,1.58546124186444,1.58800851231702,1.57446705597666,1.58222987223735,1.57164721044001,1.56875923124066,1.5639192788691,1.56516922962924,1.57272281333902,1.58607638110436,1.59707639827373
"88690",1.66146067907102,1.65722993722061,1.65125967448168,1.64596745840164,1.63648872808623,1.63762246874365,1.63513267525999,1.63787842418542,1.65434126186314,1.6599966643038,1.66975485659723,1.67236831898158,1.67013531860402,1.6549766038598,1.64507269441871,1.63771651828581,1.63829443071999,1.64341928787573,1.64775529265527,1.66883201600439,1.66854596766771,1.66123171652101,1.66705335148922,1.66902102346518,1.67222687823572,1.66621326438926,1.67269552934497,1.66505771524725,1.65041850758534,1.64274426430326,1.6372063487266,1.64984800725634,1.66392026096327,1.66653123542583,1.66770974527875,1.65399480698599,1.62403742138199,1.59176126477227,1.56906577264572,1.53463838065274,1.51888895412504,1.52443337264553,1.51088649753057,1.51292352538368,1.5064910018594,1.50732253406782,1.50033045649824,1.50050383924395,1.50657093173222,1.52226615911409,1.53035918027663
"88691",1.64148949588562,1.64081070043183,1.63450419159597,1.62840971885991,1.61854070804556,1.62092520566198,1.61749521849428,1.6165855327399,1.63313787238887,1.63955731688109,1.64843429862112,1.65142460848477,1.6523757348898,1.6350808098125,1.62844400277869,1.62042452845514,1.61875801308371,1.6203261163948,1.6262593278817,1.63940567254905,1.63841470009647,1.62924319387865,1.63585095969642,1.63659595843615,1.63387937786987,1.62410828268056,1.62855519299325,1.62364100803563,1.60588594750739,1.59970465228108,1.59397564937182,1.60259644630658,1.61234970019181,1.61800330931457,1.61636711171549,1.60339848244402,1.57642795075954,1.5456675630797,1.52164676678415,1.49187298806969,1.47649909245448,1.48202491418105,1.46751123702687,1.47060757807395,1.46451263434571,1.46582271108573,1.45527868156464,1.45058486152183,1.45478410789455,1.46663089400596,1.47785547373692
"88692",1.50259173022641,1.50258926367635,1.49781556720446,1.49132247122338,1.48235047170187,1.48464620832429,1.48233235487093,1.4807697137492,1.49750689760663,1.50407860930711,1.50731788453177,1.51170632539894,1.51327736607504,1.49557874161142,1.48941985334093,1.48516201939101,1.48127529733787,1.48353854218988,1.49109176417089,1.50012379457648,1.4990341009163,1.48894130107374,1.49522797261709,1.49427465026828,1.49062480218932,1.48631051613535,1.48430074144182,1.47989222041922,1.46390739999864,1.45744117939783,1.45300159687588,1.46052246153202,1.47062113693252,1.47516481943407,1.47259878570152,1.45791788579592,1.43406081362526,1.40581899982206,1.38391585048348,1.35677651673416,1.34287304676986,1.34976220398451,1.33591786892825,1.34057820841663,1.33531205555365,1.33118838518328,1.32432754582259,1.32002888891385,1.32273458459721,1.33446514586046,1.34497376472011
"88695",1.13008405196088,1.13198002455999,1.12796743890344,1.11986348701634,1.12390413788772,1.12187287881564,1.12358099319962,1.12334528342824,1.12994463627475,1.13249128327745,1.13423410903683,1.13115149623585,1.12195643954327,1.11133614104421,1.10469940593919,1.10333828709661,1.10329251004285,1.10519455540204,1.10229799329776,1.10556979357734,1.10506306558025,1.0995127437794,1.09973898135691,1.10165149704131,1.09366443896922,1.08733204072128,1.08469591748303,1.07629620600675,1.06994162966395,1.06778791514348,1.06302501915583,1.07098331311832,1.07045494394152,1.07967480527882,1.07732067843444,1.0735214634505,1.06028751776101,1.0537415528933,1.0444059454281,1.02980723219531,1.03236794064485,1.03448222052947,1.02474511105945,1.02384066583478,1.01984419777313,1.02726219470246,1.02517709084309,1.03255481521433,1.03575446694926,1.04166331220696,1.04158799346278
"88696",1.25923077446714,1.25912523569273,1.25392460797591,1.24830999860818,1.25076578670233,1.24732380102295,1.24854979987461,1.24923858301671,1.25632147497734,1.25513999521429,1.26153896263313,1.25681449610015,1.24633895027045,1.2347698559448,1.23084260201278,1.22636273568242,1.22499341863845,1.22515726806197,1.22578017229007,1.2263556529327,1.22134633425265,1.21954562114901,1.22039674621637,1.21972097372499,1.21359636059141,1.20464224219805,1.20271336936622,1.1920010919127,1.18509038447889,1.18363822997158,1.17511027890517,1.18463009763163,1.18503950885097,1.19270931595069,1.18764604999115,1.18568228202938,1.1739326647449,1.16901691986127,1.15306392726844,1.14198943064095,1.14863420523997,1.14736236123199,1.13632040006532,1.13604852589782,1.12966864304407,1.13948411144123,1.13639160612964,1.14605379282217,1.15050388000103,1.15614769051937,1.15504749751979
"88697",0.905199242770323,0.904800645399816,0.900684126428701,0.895168698806198,0.898234706723698,0.895674622624497,0.896439663295926,0.897237711510915,0.902391039109582,0.900780436158472,0.90419948324846,0.902424606017979,0.89437710996385,0.885787070409224,0.88188055475169,0.878845612453719,0.878192862296734,0.877830758641863,0.87882049495573,0.879078722881096,0.874895141078079,0.873387804315221,0.877087603798283,0.876128849847795,0.870455264992317,0.863625206889299,0.862260504636895,0.854998055468513,0.849321616426209,0.84798660330928,0.842791760195488,0.848255318595086,0.84902370191013,0.854451920671197,0.850406696289454,0.849020224088777,0.840932103981109,0.837966011126215,0.827209703663777,0.81842576731043,0.823661221177555,0.822780678843488,0.812302683787194,0.813868711233484,0.809026564513678,0.816368381091013,0.814034669660289,0.821262238743412,0.82501635962069,0.829484126612777,0.828339631756398
"88698",0.769443462511845,0.770441522906475,0.767679052670884,0.763854807745554,0.76518956096218,0.76434133855424,0.76496846949357,0.766540028144458,0.770370873535325,0.769309840757688,0.77298053544965,0.770130265517039,0.761934323118105,0.753362022758336,0.751088654027132,0.748294535080123,0.748491879911346,0.750164696577781,0.749781504062099,0.750548707250484,0.745995494425209,0.744011907912959,0.74802064402392,0.746325052048888,0.741356018351998,0.736529579775702,0.735405319339529,0.730305195057726,0.724990685398374,0.723100488495831,0.718922213105509,0.725069942808086,0.727529360840939,0.732557034144684,0.727546492096402,0.724987614723042,0.718542671693054,0.716000311909661,0.707300785714983,0.700659332288396,0.707919048078358,0.709285352027087,0.699267381547283,0.699970102442377,0.698183270285732,0.704154708745849,0.703000550463249,0.708694459697285,0.71301455440853,0.717828124830555,0.716613344723966
"89409",1.21676786128737,1.2155436478775,1.21018341786187,1.20769820268738,1.20386182892734,1.20168184576147,1.19942681593063,1.20172496312938,1.21128892320269,1.21454109835294,1.22391297318502,1.22574454204523,1.22578154297941,1.21556493816942,1.20954188192073,1.20068665176586,1.20288645800342,1.19995482242093,1.20378320934308,1.21381904817946,1.21481960770659,1.20825553165142,1.21547038711591,1.21187243829075,1.21512275070113,1.21187511396396,1.21637205008863,1.21048144255252,1.19833057375256,1.19636839249935,1.1886434401803,1.19771335671137,1.20407822844046,1.20773551995426,1.20673914237799,1.2026886125716,1.18196479049828,1.16384519087284,1.14498237690157,1.1213938450393,1.11262627211267,1.11201862007099,1.09887941588753,1.10450347208277,1.09730842136463,1.09745588738492,1.08942953191396,1.0896264185939,1.09453463182998,1.10207453357892,1.10770259119013
"89410",1.21877486869562,1.21809286474306,1.21179688936882,1.21029738306992,1.2069024007845,1.20479482817211,1.20269495327561,1.20486071669839,1.21592452549973,1.2177325678701,1.22649323550674,1.2287633957395,1.22786169665927,1.21682446821297,1.21117323131339,1.20289895366778,1.20381717474437,1.20396745215453,1.20537729235157,1.21492957919846,1.21531132531372,1.20876396238197,1.21667595033668,1.21392449089956,1.21440490664273,1.20981582672477,1.21408566738687,1.20751034657397,1.19474511306942,1.19361213652801,1.18677171950743,1.19609152772028,1.20239765481137,1.20571806284826,1.20543608910801,1.19882026854256,1.17886182910218,1.15893379200931,1.14219294923584,1.11886713006362,1.11038395484323,1.11083562226193,1.09780715179139,1.10116269220513,1.09557401773422,1.09683115931535,1.08843288038609,1.08851820261118,1.09348469301706,1.09980292250311,1.10538853266849
"89411",1.17362389575646,1.17790726756292,1.17155593908675,1.16776292264773,1.16450184166882,1.16507679420889,1.16264007654039,1.16268765631909,1.17249681320984,1.17622198867576,1.18360482257243,1.18593729675974,1.18469516451055,1.17276416042805,1.16814747685149,1.16339670853196,1.16393917027478,1.16256992637657,1.1621238560603,1.17104350026616,1.16905642519372,1.16045912041803,1.17006223377863,1.16843003892424,1.16495988911208,1.15752485313344,1.15982582316009,1.15690516697149,1.14332146557039,1.14264689514388,1.13663476418591,1.14596295107982,1.14884800530598,1.15129009912568,1.15069979303231,1.13972494850678,1.12367660922969,1.10452553004615,1.09000963743401,1.06757725463847,1.06171811845432,1.06598136705269,1.05242127779231,1.05372814334744,1.04881328099155,1.05307365818419,1.0442305735448,1.04044280799257,1.04612221774049,1.05161775118121,1.05832686715551
"89412",0.929223633104266,0.933298367165884,0.928654097252718,0.924961053262125,0.921104938437005,0.923661660618746,0.921544596454885,0.921701832735213,0.931030836799601,0.932051225724685,0.939109964243161,0.939866018813755,0.93588311552006,0.927927358807161,0.923940887266032,0.922357662684399,0.920492853077919,0.921529575823329,0.920820762446984,0.929022994105058,0.926644077612378,0.919098639206997,0.926073873319161,0.924915449483284,0.923911463763922,0.916457743360836,0.917858885947032,0.915719892626914,0.906463616620783,0.904204738892925,0.900234413455971,0.907687400361971,0.912497069004469,0.91169953417283,0.911320879402563,0.900352626254834,0.888019937814777,0.871801003680681,0.861564625229456,0.842939480377498,0.83874935380593,0.844367517414939,0.834633434828246,0.835299217940353,0.830020155036384,0.833375565191938,0.827373024842824,0.82272148775841,0.826096569414336,0.832054121219387,0.837888037935153
"89413",0.278015614586911,0.278001040114206,0.276794869513065,0.274608704617665,0.273947147082116,0.273559284684525,0.272942551758185,0.272432926346717,0.275616823199556,0.276534894045857,0.278942482581337,0.278913072121444,0.278016130518632,0.275429704783349,0.274721669700309,0.274945510276671,0.274586312317678,0.275543376909597,0.275978689314674,0.27902289447228,0.278257703637911,0.277013539656807,0.278773097926689,0.279603217438342,0.278786670809821,0.276065595391827,0.277003803640143,0.277649046354921,0.274600118635905,0.273766156782088,0.272964591849377,0.274904191883006,0.275704356378924,0.276464240361857,0.275324372217409,0.271045895762087,0.267455793337825,0.262358058236723,0.259255379889925,0.253239932717415,0.251980082931736,0.253899911977168,0.251331025447677,0.25090050361076,0.249145540810088,0.250569941373564,0.248369649285805,0.246009288392442,0.246952886198179,0.248970430453219,0.250366653609595
"89415",0.651600738990237,0.653317056264114,0.649786858197289,0.645884892788688,0.648177854863736,0.646868731466479,0.648819057130401,0.648863463955452,0.654446735069607,0.653838432419641,0.654741253872847,0.653914644828059,0.645469415357913,0.640524103510239,0.636323244310472,0.634197912281717,0.634748491703024,0.63558627567477,0.633173667302921,0.635863312504286,0.63376972590789,0.632199258767832,0.632969595987402,0.634294476067533,0.630655887218238,0.624554807935374,0.622996534771053,0.619846195340185,0.613436231514351,0.614570241515946,0.614404373315719,0.61487308092247,0.616056411482067,0.622403525202339,0.619627296701399,0.617820096837826,0.611585555508556,0.608437340473292,0.603819475984859,0.596118768317085,0.600330287048549,0.601614863384305,0.595949797933249,0.594360871470456,0.58988449676636,0.598695510089172,0.597670630033255,0.601182304774109,0.605811070079238,0.606369324935712,0.604572753145708
"89416",1.10657477447385,1.10617090898428,1.10096545669366,1.09612599749502,1.10075894096495,1.0950421461532,1.09732438560578,1.09943248772313,1.10689655052753,1.1043522569016,1.10719006575673,1.10534768113355,1.09318777479997,1.0844739120875,1.07858573341708,1.072330666158,1.07235032874956,1.07027167397158,1.07105632863974,1.07099520887707,1.06767073252914,1.06674238865104,1.06804726255198,1.0671689951539,1.06025941152592,1.05141447300209,1.04944424048259,1.0408646857434,1.03212705822135,1.03393304138237,1.0307387543203,1.03236739528749,1.03275392659355,1.04092960382623,1.03706761878825,1.03543062001006,1.02570308538257,1.02316418694528,1.0124080830323,1.00155025905914,1.00735589896815,1.00735451240853,0.997344376604754,0.996880500933201,0.989906624730784,1.00135971121518,0.99882012491943,1.00569894085831,1.0130329129069,1.01464460640941,1.01124369484539
"89418",0.825272357397626,0.824952625244608,0.819611236622719,0.817441061181994,0.819301658661703,0.815228005798439,0.815892357266431,0.818254243057869,0.823777488750486,0.820402769870137,0.822652857152306,0.821251902760357,0.814263502585288,0.807213504023126,0.804745080106015,0.798441709352695,0.798368278294347,0.795822054937703,0.796564210150787,0.796033704709734,0.794314200892211,0.790812243059502,0.794746564191421,0.792689930905136,0.788266089318305,0.781268474834847,0.780997136936598,0.773718566341646,0.768362341799823,0.769507072316979,0.765851936672267,0.767067157561782,0.766038643192083,0.770611914775199,0.765662023196399,0.764325430824546,0.756779569912791,0.755176543786331,0.747766821434948,0.741287501811716,0.745221209797886,0.746315764354325,0.73815372819883,0.738763280715858,0.733710727018083,0.742109677520309,0.739210809218433,0.745078966278814,0.748714082893735,0.751858364182513,0.749180114380609
"89419",1.06555246682619,1.06536214661149,1.05926280545131,1.05621233427366,1.05918759123459,1.05503980430777,1.05719682424219,1.06019794489967,1.06643323633235,1.06197084619824,1.06316048608546,1.06181626135446,1.05284656101262,1.04460815729275,1.04076567653396,1.03433844924038,1.03344132625403,1.03086084819969,1.02968997836394,1.03155843260837,1.02804910524134,1.02574276465192,1.02956983565629,1.02730299369855,1.01976063106831,1.0115040391896,1.01095711789107,1.00263029441854,0.995794673580136,0.997735853592966,0.995361890045735,0.993997967627545,0.992008477101696,0.997048714816335,0.991358564909918,0.987580701492286,0.977617779988543,0.973963520013386,0.968613557597113,0.961269546261003,0.968418504197123,0.969863443168543,0.962041531042045,0.962775918903667,0.958214085042479,0.968553463108907,0.964008055958726,0.971729846050638,0.977583211693444,0.982203976949657,0.978231439975168
"90131",0.957822938653408,0.960246038913545,0.953802064214474,0.951691494252378,0.950943689154303,0.947959531773493,0.947641463402511,0.948478567537647,0.953762119363849,0.955924850578155,0.963127847741057,0.964784715321493,0.962444849917183,0.956307334645941,0.951651069157634,0.946112273142134,0.946361714926679,0.944437017808601,0.944973704527794,0.946628118398205,0.947444766098296,0.939260270801973,0.946094856727372,0.943860518568294,0.939539562227437,0.932778179376647,0.934524817353288,0.931315740326575,0.923673028083047,0.920779665685474,0.915347277049748,0.921399040052431,0.923526686995854,0.925025028893282,0.921830260755887,0.917542867411273,0.903600216080387,0.890253646227986,0.878549412336123,0.863301996035228,0.856296524088952,0.857222752716353,0.847465848490201,0.849212976232053,0.844741815835813,0.849992095744858,0.841750250201038,0.839608267448888,0.840286691170078,0.845383875904123,0.847142707377919
"90132",0.8927455805504,0.896559056577194,0.890961844972209,0.888258614765958,0.886627089512984,0.886574944293887,0.886188798355911,0.887756940547515,0.892116059649889,0.895899775751703,0.901544039515836,0.903007455608499,0.899059241971566,0.892416365952609,0.887381312955428,0.886552555386255,0.88555999292505,0.886135993408062,0.88565432968797,0.889527600620652,0.888555831626312,0.879519681014618,0.887395019270478,0.886300362930149,0.88179393697441,0.874502480307668,0.876670767689107,0.874897634247432,0.867550393568647,0.863055742733022,0.860097709289896,0.866254739840419,0.871429768409792,0.868165194374162,0.866506858393461,0.85810013027699,0.846322686665943,0.83109132048906,0.82315736993141,0.806057154312097,0.801607377070003,0.806841047724372,0.79693085184457,0.797548237636174,0.795282519794913,0.799079122615884,0.791280657492731,0.788079422729341,0.789804369593055,0.796298479308421,0.798515521739927
"90136",0.676838175539888,0.677133815155252,0.672188628286791,0.670485062014605,0.671542144799695,0.669738973896555,0.671591474914871,0.672853025856812,0.677783727022256,0.676002069793911,0.679330489409956,0.676581011828905,0.669762937479202,0.662612696519422,0.65737188107573,0.655455726619692,0.654550769554728,0.654649373865085,0.652530224814797,0.653847976604501,0.649912704574035,0.65011854994525,0.653224047922917,0.651867456856316,0.645309866827773,0.64051718994532,0.639107459602791,0.635837722531828,0.629672865151136,0.628860539999872,0.62541190860697,0.628226337727312,0.628570892554063,0.632948187530433,0.632557028676149,0.630462352182429,0.626404835828402,0.62351386829071,0.619163851214397,0.611332687282641,0.618058048256239,0.617902737934252,0.610456235430243,0.60998393728847,0.609782464154275,0.615988001547124,0.614705680990861,0.618820116871262,0.623315636323651,0.626272089850437,0.624941986560519
"90137",1.14944630196042,1.14821566063482,1.14034592697424,1.1378094948173,1.13947018041809,1.13540775935738,1.13820350449595,1.14080013424873,1.14791403917426,1.14425204546157,1.14859855357852,1.14382579012231,1.13424908364429,1.12179796356883,1.11334575527473,1.10734077127924,1.10751513971935,1.10352890706524,1.09912737208671,1.09886704215096,1.09326918021446,1.09098519324794,1.09734824984152,1.09398020261528,1.08323976200504,1.07404802871074,1.07089438858146,1.06273254728027,1.0536798530166,1.05205379198034,1.04389116470116,1.04746074750925,1.04505454777953,1.05153659222813,1.05028090957021,1.05007364425272,1.04105599098013,1.03824068089106,1.03068526349472,1.0208908436875,1.0301087594477,1.03083729010939,1.01743667048637,1.01757927498281,1.0160292605514,1.02583306220325,1.02252521544285,1.02902491766475,1.03535185194071,1.04156256308807,1.04009232015696
"90139",0.84327519010767,0.842414913672436,0.837322816688897,0.835638615315616,0.838020428884236,0.834459728570792,0.835755425445615,0.837544587634476,0.841529863803516,0.839666399858774,0.842601000044078,0.839968002222094,0.834509116420105,0.82701152475311,0.825106357976888,0.819758376738174,0.82041758976756,0.816790118617687,0.817077804538995,0.817994757932002,0.814648182043366,0.813001238855553,0.817150121758781,0.814709641234831,0.810341513876279,0.80305254692067,0.802011371055714,0.796046681054124,0.789290515622044,0.789661734876963,0.785264979382657,0.788507340943416,0.78446027978607,0.787119698841397,0.78233601094658,0.780843168383804,0.771956950402612,0.768999946644135,0.761524544244118,0.756498835167574,0.762472919400469,0.763331812086247,0.755828628392878,0.757461002699177,0.752929293647068,0.760841311751617,0.757252609089832,0.762329708840215,0.76918558901532,0.772887268926115,0.771222967964043
"90140",0.773561485084792,0.774411666053314,0.771556503587953,0.768386404074787,0.771018864979337,0.769183654899819,0.771134032920706,0.773088440484356,0.775584165855085,0.775702337658414,0.778848520195169,0.776072380183014,0.769886046381472,0.76174145389846,0.760261764871395,0.756838252480986,0.759063573974791,0.757973769421088,0.759074178047833,0.76021895981209,0.756319863724847,0.754764461015208,0.756519047231249,0.757771097928045,0.752772507499396,0.74717065141667,0.744088278004661,0.74028114827122,0.733994140477747,0.733055935203723,0.729514765716444,0.733141647940383,0.730406100283797,0.733441322601506,0.728837987628111,0.726830325321203,0.71700599031142,0.712845143419128,0.705296404146045,0.699064144630939,0.706281037649913,0.708198237500642,0.701808319193931,0.700606074131842,0.69822085447178,0.704559597770752,0.703118090147966,0.706970148109066,0.714438999637138,0.718050474750252,0.716698124412033
"90141",0.437683930347703,0.439376859152601,0.438162867742055,0.435863345865224,0.437928482352096,0.437373917831184,0.438215447231129,0.440921337617991,0.441304542351056,0.4426233037689,0.444219162401891,0.442460114791194,0.438131053568915,0.432403722148207,0.432707318784293,0.431488768960351,0.433671376394481,0.433987587471818,0.433850807152446,0.436245962237768,0.43464223864347,0.432700914120103,0.433746706981555,0.435887889406054,0.432521878087112,0.429296722214456,0.427077564985152,0.425082779138586,0.423269344772813,0.421295467346424,0.420917076035936,0.422310205134589,0.421484637012284,0.424346789729525,0.42065688176691,0.418919652496242,0.412423811810085,0.409697812047549,0.406004381324997,0.400835904537641,0.405441633356801,0.40788592228561,0.404096207094546,0.402080765906025,0.401632186969746,0.404808117200659,0.405507696874408,0.407331008439475,0.411019935923506,0.413542576407205,0.412658312691709
"90852",0.900536428641499,0.902890727679225,0.900361892922671,0.899308599732827,0.898743016247463,0.897758787667579,0.899340805731879,0.901116083631307,0.906123903295211,0.908919095032847,0.915408550470617,0.915726655124044,0.912923287096845,0.906348193919714,0.904404713742087,0.90212871094294,0.903167341298127,0.902270264072527,0.903065628897454,0.902932818829714,0.900941336165731,0.895743869230822,0.89860947586695,0.896126928355072,0.891334433046037,0.882464508180284,0.881261898233124,0.877904486968961,0.873175946874907,0.868565423245743,0.862545006469455,0.868631759334007,0.869193931659381,0.868090394202568,0.864331940483033,0.857836774178888,0.845808568172897,0.833052711079869,0.819150095408051,0.805773322218259,0.803159416521735,0.801809778808652,0.794844623659069,0.795783479215778,0.792853892582833,0.798116472287088,0.790487983627925,0.787596901023716,0.786416386319462,0.791622020326981,0.792784402278311
"90853",1.12445733367422,1.13034215355354,1.12905404313766,1.12728414333151,1.12699487882583,1.13082948074078,1.13363986336948,1.13763094531046,1.14599409818661,1.15089634789286,1.15914129517334,1.15602989368313,1.15248042459649,1.14264569764054,1.14453398403798,1.14201670873449,1.14310860202294,1.1481646534632,1.14801668255803,1.14749720481672,1.14477210092193,1.13588466906807,1.13801797555815,1.13582506891516,1.12745693294476,1.11391019783555,1.11298240075799,1.10849531423616,1.09970630895683,1.09265872284197,1.08553838470589,1.09325492766227,1.09141553331823,1.0911548288156,1.08308241392585,1.07538687614449,1.05857270536562,1.03788635997515,1.01908791536794,1.00371106886501,0.999697189869313,1.00142094666244,0.994280026105615,0.993022470382945,0.992448682413896,0.997770882011446,0.986670162057546,0.981989265110103,0.9808281665124,0.988708193572268,0.990018772403622
"90854",1.12153015540171,1.12802340579817,1.12717866840778,1.12527201416368,1.12444006219676,1.12964748675668,1.13246314227277,1.13609772261405,1.14459448921155,1.15003857905154,1.15404933441109,1.15680740863186,1.14797952936544,1.13728711992994,1.14007617911569,1.13842382701921,1.14121820046738,1.14591843349866,1.1456601636463,1.1450027038886,1.14196584989668,1.13287471312178,1.13490855366707,1.13299568615431,1.12471779915343,1.11059417433066,1.10957003230644,1.10453646271214,1.09633616556326,1.08896858959466,1.08505097119264,1.0912179510132,1.08971539438456,1.08972836521938,1.08092751479384,1.07231593364773,1.05500970170591,1.03436337687697,1.01483175377629,0.999935948227121,0.996139589647601,0.998728687400013,0.991962484042208,0.989713040676614,0.990824851710184,0.994307300661037,0.983261509281138,0.978584647292337,0.976940475909451,0.985962676113123,0.98404788750855
"90855",0.499343507891172,0.499873737285155,0.499868072840096,0.500366936930489,0.501498583425204,0.50088504216353,0.502782860561955,0.503912942299766,0.507244562173143,0.506663473769791,0.510071336779138,0.510258871399751,0.508489006880007,0.504558196883059,0.504868524528149,0.503162523586923,0.505532444681539,0.504549770621402,0.507371767731911,0.506204311533033,0.504742662081239,0.502681400513994,0.503570792708181,0.501179191283344,0.498871455036509,0.494017877792462,0.493421408061156,0.489493963232223,0.486723941157189,0.486486784165223,0.482254243824236,0.484687091355291,0.483039419521555,0.483974429566931,0.480089876848172,0.477570818423089,0.46943965903173,0.463911349076871,0.454141398775045,0.448160628989843,0.447314367200265,0.44535352532885,0.441303455995093,0.443452239727339,0.440820670001493,0.443708041196172,0.43889434515186,0.43873122697074,0.437693409430418,0.438707481001128,0.438084927422606
"90857",0.875666606389132,0.875362254020396,0.873719607369962,0.866800514275713,0.870607399127725,0.869743896105754,0.874009115630187,0.873894886000174,0.872498034919748,0.870573127205808,0.870772342565256,0.867050468641764,0.860342764305179,0.848767935799347,0.847763749931078,0.840881413704145,0.841678279757806,0.836280712322384,0.832514192748143,0.834721893747585,0.831897577689693,0.827876096779738,0.828844070958303,0.828574439847265,0.821012924059936,0.811284986467079,0.8049816956921,0.800102827807374,0.796330106854465,0.793033301294566,0.788361367751722,0.789326488792528,0.787023333747525,0.79442769648506,0.792319973384519,0.793404775523209,0.784780204079154,0.781166345157391,0.776691062183256,0.773184906717582,0.776349585826342,0.778080437999383,0.771343434695059,0.769844740737316,0.767666257117407,0.774155284433915,0.771953731165724,0.776099794399358,0.780385571917088,0.787104136155337,0.783087285439907
"90858",1.4695510866135,1.46846351478823,1.46864630095195,1.45811732458323,1.46377363097248,1.46392398363008,1.47274593758792,1.47264409458924,1.4687008123479,1.46305675405886,1.46078897820166,1.45599391866865,1.4445146965047,1.4250637521805,1.42276341051857,1.41458394683286,1.41109943416914,1.40381995784435,1.39900035716829,1.40073709605128,1.39858839825246,1.39262521048413,1.38997619603455,1.38939345278649,1.37968871146546,1.36117805865768,1.34848899857037,1.3391458081445,1.33245737446442,1.32944955344806,1.32728460703789,1.31883085055613,1.31550773163213,1.32728104306048,1.32406904184136,1.32174809107346,1.30773065243947,1.30130765169739,1.29056487104742,1.28733090315292,1.29123296213975,1.29262109731213,1.28425197945944,1.2832252808146,1.27535511060989,1.28680856431758,1.28290543619019,1.28964540256092,1.3002035571676,1.30633941779712,1.29485379016322
"90860",0.783752628040384,0.783045831688238,0.781486202652894,0.779406066370409,0.783083813807079,0.780373185322783,0.78262342844666,0.784824155842235,0.787505039773128,0.785397537769722,0.787513868807568,0.786868450686887,0.781699573016572,0.775349441219107,0.774952621124265,0.77077110347273,0.772394132013621,0.769668661648617,0.769394226892731,0.769627183205063,0.768661248079195,0.76790800206864,0.770267193145787,0.769558466446225,0.76658574851785,0.760166976687946,0.758505427146839,0.751023350995757,0.747313681390032,0.74682677375329,0.743283015015488,0.744358376467908,0.740337560032775,0.743232082178633,0.737355264217341,0.73428252987147,0.724320717319088,0.719462580294018,0.711020336222891,0.705079327408967,0.707274322032203,0.705899349862967,0.699238286004914,0.699508086240046,0.694076975688508,0.698571543248689,0.694709818593411,0.699898693902645,0.704966016918189,0.708087638535485,0.705841897171367
"90861",0.963164048332692,0.963353367986716,0.960450427048726,0.958741745054651,0.964798589799575,0.960825161563303,0.964721290090625,0.968626174544792,0.972211185067474,0.971546458225442,0.975497446187166,0.974101613886567,0.964659923670807,0.958149716361265,0.957947516854952,0.952624435960324,0.959347115327824,0.957022354846533,0.956859209566466,0.960655507280528,0.958320746317482,0.957981087500203,0.963464567493074,0.965722792713934,0.961171607500467,0.952857695463374,0.949546217863649,0.94040093064466,0.938836892208635,0.938714702376248,0.933286247380672,0.93594288363731,0.931786056515109,0.934258354932348,0.926940350204586,0.9228778649139,0.905246226767077,0.899481786900811,0.88656463030939,0.875647077775602,0.880544037667319,0.879589975084531,0.869487975452489,0.867482507151658,0.862434292550047,0.86701774127449,0.864467745257339,0.871961830995081,0.877703164271985,0.878340243487109,0.877626119834926
"90862",0.720840040019539,0.721329813703312,0.720206304419969,0.71979634268122,0.72226446406055,0.721179235606395,0.72519714944,0.728386298271284,0.730867508846154,0.730376025193359,0.734940915331469,0.733855319323534,0.725375248733265,0.720143261430754,0.721476258145544,0.719041510486511,0.723774680375844,0.722327383349494,0.72333859345756,0.726294018701679,0.725312137707682,0.727332974417112,0.729955542721622,0.73201025946574,0.729064431465509,0.721863630523122,0.720322593554535,0.713706657810026,0.714538088055819,0.71601774041489,0.709285034334899,0.711628041202094,0.709338477397566,0.713229764347158,0.706783034778648,0.700353737840868,0.688456155674297,0.685993634043912,0.673570769340068,0.664949328496034,0.670726112125523,0.669127947652313,0.662790229407441,0.659967066289996,0.657906643901888,0.66098113956258,0.659427235965484,0.666059271852141,0.669986681169775,0.669091305516025,0.670637983694004
"91573",1.01634333988623,1.02148900552968,1.02032294697484,1.0172128790629,1.02136027585498,1.02501319875104,1.02644240565349,1.02826211874475,1.03578707039385,1.03873717600631,1.04506547561659,1.04717768843528,1.04163844431871,1.03110343122113,1.03196410858881,1.02931825636545,1.03272893487609,1.03355332107524,1.03862066701239,1.03494509898793,1.03335439254149,1.02551959054124,1.02616876042865,1.02525018331073,1.01806181743217,1.00495028674782,1.00272976907073,0.997763425266847,0.988611085316231,0.985273282452106,0.978202317495536,0.983083149128965,0.980836798504708,0.982897539981993,0.975683859921272,0.967682476936282,0.95068423386364,0.9348305921496,0.914936060616195,0.902480197540537,0.898139331691499,0.898121344243871,0.892329405668745,0.891668942780459,0.889224516700918,0.893229917171023,0.884364698281839,0.881422452222461,0.882301204644828,0.884662512029808,0.884423833209003
"91574",1.34205908749936,1.35062445313246,1.35136474788325,1.34373141565308,1.34955738256081,1.35671625613961,1.35573724784383,1.36016997642144,1.36883090521304,1.37426619030741,1.38037577691601,1.38228040946194,1.3722587656907,1.35604134193378,1.35805908587731,1.35627663528557,1.36202920082693,1.36376599828837,1.37001879621434,1.36464722786041,1.36326288996926,1.35158357818702,1.35133350503164,1.35350024933249,1.34319583182186,1.32468241279314,1.32338484508488,1.31558421278524,1.30333319967958,1.2977075637496,1.29225033268024,1.29845550565675,1.29702023345984,1.29923966000544,1.28915533789268,1.27600244473176,1.25331910669777,1.23103778862946,1.20578151151177,1.19015441652541,1.18515599697169,1.18680034104908,1.17910754501032,1.17616561604776,1.17393940982957,1.17895036710787,1.16801793320756,1.16306915072585,1.16549179235155,1.16875581431347,1.16705450145736
"91575",1.21080574504012,1.21853992614823,1.21965918684345,1.21246268441335,1.2172734066564,1.22447140398199,1.22534833864244,1.2267488202917,1.23385878413293,1.23578337956184,1.2417652399976,1.24309436150699,1.23298322857872,1.21718786333512,1.21741248072012,1.21576801132243,1.22121710541192,1.22224216800059,1.22679064611793,1.22200402135935,1.22023705155621,1.20997878149249,1.21381464210951,1.21140784673985,1.2016185744327,1.1852048906509,1.18186980877012,1.17692857759588,1.16459753160943,1.16242447428872,1.15481376053704,1.16098649713752,1.16063108111747,1.16263303844286,1.15511375526798,1.14198245797288,1.12241978067123,1.1030024098328,1.08204974547258,1.06847837104607,1.06411893870808,1.06521143988099,1.05352239428873,1.05439963252279,1.05162759473872,1.05499544622963,1.0449953100177,1.04026253594654,1.04268244506486,1.0437069415648,1.04098036585379
"91576",0.88587883710934,0.888892505110975,0.891395621694845,0.880693140767262,0.888537681413558,0.89306344295971,0.895041570186926,0.892433389920654,0.892307616452475,0.889189185547067,0.891755074530288,0.8930965377946,0.882806108910875,0.870417069750437,0.870282988949816,0.867725541354586,0.869762472419387,0.86623552879926,0.872173666894987,0.870430094350855,0.869413807303749,0.863753912985692,0.865603233118645,0.863066643646736,0.853265146053397,0.840746624067734,0.838864007507294,0.836715546915949,0.829423489052279,0.832015450985474,0.825489825172249,0.823245903578094,0.827272886116391,0.832877263567549,0.830350640584352,0.820182118965918,0.810290683121553,0.801766858567603,0.78894115344301,0.783618587978794,0.782663222153683,0.783801818737024,0.774607256950191,0.77466196299277,0.772973883420593,0.779125191947418,0.770342603726782,0.771607741500525,0.775757066297001,0.77304597169572,0.769668303289603
"91578",1.42254576502528,1.4218244413915,1.42375196217139,1.41228986851152,1.42417609332374,1.42947335886484,1.43561053443609,1.43522177835973,1.43223455629775,1.42492032996794,1.42585349922861,1.42046099531802,1.40970340489988,1.38817962773853,1.38658204998697,1.3795161684958,1.38082875033294,1.37124775481637,1.37960040693671,1.37509248391271,1.37269070668474,1.36735114422029,1.36991794619349,1.36723115040817,1.35235120700474,1.32951967352437,1.32002922675193,1.31431110660071,1.30791097539892,1.30988837368933,1.29961079212583,1.2889527289548,1.29029173782317,1.3017109861265,1.29756243639598,1.28798717858535,1.27403594651497,1.2665195320216,1.24744977625195,1.24506511098094,1.25175569359829,1.25391944318391,1.24225149670872,1.24308690030019,1.23630211459977,1.25296246377176,1.24765184342485,1.25299647219713,1.26022724041179,1.26295649668561,1.25711219056138
"91579",1.74657582729487,1.74738602072458,1.74975333558083,1.74055848887766,1.75801574749601,1.76492155663339,1.77099609200583,1.77527682857364,1.78114601876664,1.77283332488342,1.77707052683333,1.77242856107641,1.75287372472636,1.73434585384937,1.73428389335719,1.72774722832076,1.73216605984611,1.71963429291499,1.72984379869987,1.72567912062417,1.71995700255858,1.72015371476471,1.7300311826812,1.7251238050953,1.70447164897859,1.67732169399507,1.66929492897941,1.65722071780826,1.64674779462485,1.65153861189644,1.63520549129195,1.62932249381825,1.63120577209158,1.63309210907714,1.61804991684928,1.60461510627735,1.58329695283083,1.57334483057907,1.54325721305918,1.53557988339419,1.54844374485724,1.54348898212664,1.52451982408875,1.52699071503605,1.5181624851052,1.53626601315473,1.5332735847695,1.54106100209123,1.54614294887398,1.54682486659533,1.54410171575173
"91581",1.23252453546957,1.23225680498062,1.22818958311764,1.22616464229776,1.23562504854083,1.23415999708891,1.23678021988025,1.23927178466698,1.2475892799734,1.24593377632005,1.24992505357611,1.24551882219486,1.23664090479082,1.22773817926154,1.23017514401578,1.2264345803257,1.23130454822289,1.22742327492743,1.23296678130105,1.23259421840514,1.2299822672787,1.23045761686842,1.24176068258559,1.24369154071622,1.23360058176549,1.21994293731774,1.21762445972702,1.20950039663826,1.20420231803104,1.20817647359584,1.20032952212021,1.20375948617707,1.20119172355455,1.19930548244727,1.18528417950065,1.18041278106987,1.16162392371995,1.15285131253837,1.13143183431469,1.11904616001975,1.12521335126146,1.12157159845136,1.10528869379763,1.10457055424436,1.10096441123035,1.1094752951834,1.10485275145051,1.11255482548376,1.11624668116508,1.11611036136677,1.11529526622741
"91582",1.04990441005648,1.05008834599635,1.04752115094565,1.04687963262933,1.05452165434574,1.05331756897329,1.05603031697327,1.05803294594133,1.06544282926594,1.06334204252209,1.06847547395632,1.06438415990377,1.05678059150614,1.04776698651468,1.05047753674788,1.04841724394263,1.05329926469488,1.05063450706824,1.05729866409849,1.05596272341699,1.0538142257133,1.05446549325329,1.06285015087479,1.06486296122439,1.05540150664098,1.04398618318752,1.04225136626883,1.0365634217172,1.03328123186275,1.03641158811839,1.02844270253364,1.03097774825567,1.02895545147864,1.02897115328699,1.01644387267275,1.00955951538829,0.994843991394727,0.987164939511932,0.967511750329498,0.957471570482466,0.96407849438697,0.962034175205701,0.95005194314186,0.945920248678811,0.945720977614801,0.952720057345465,0.95132804714087,0.955436937551509,0.958253540125539,0.959204391554016,0.958508433465262
"92294",1.44849255377339,1.4554542805461,1.45778238976554,1.4506132180275,1.45897947215641,1.46531341401352,1.46383715839844,1.46250398310601,1.47202833762336,1.47547786202631,1.48171541376513,1.47992747253872,1.46908509384135,1.45756278335102,1.45833217994557,1.46042039056498,1.46361751409571,1.46533316163636,1.47296947345641,1.46572650170573,1.46390865424689,1.45544373762688,1.45552677906833,1.45404308870669,1.44249997021939,1.42094811715331,1.41725610248079,1.4158892485699,1.39990184920838,1.39795629757571,1.38777120923465,1.3952846380389,1.3961301479052,1.39353285667139,1.37723052601042,1.36253667633877,1.34253432400178,1.31788813861779,1.2906052417092,1.27555459427757,1.27180116855375,1.26999395457163,1.25999695951643,1.25789114133688,1.25276679875224,1.26287242626455,1.25476361208393,1.24586865517595,1.24775983933685,1.2496184840745,1.24769128253012
"92295",1.44077357974529,1.44846572019961,1.44872602106862,1.44103192202965,1.44870293161898,1.45695139599632,1.45615758441334,1.45364704044293,1.46321438430399,1.46585820717279,1.47010051660342,1.46752214190347,1.45497730541723,1.44065295627213,1.43946795994127,1.43855470177082,1.4418027616151,1.4441944726337,1.44634363112103,1.44046477420814,1.43408803265774,1.42922838713299,1.43059648920929,1.42729387301938,1.41217701681467,1.38977219338847,1.38390167313434,1.38381610117959,1.36629753759081,1.36448045135745,1.3564726736706,1.36705585863281,1.36499529005063,1.362028038488,1.34638785052453,1.3328162505452,1.31520920478129,1.28946769663622,1.2668426489039,1.24837963520744,1.24401776028004,1.23902672851604,1.2273753842239,1.22314417373963,1.21963695378026,1.22691887497885,1.2186657357296,1.20750262395445,1.20445089442893,1.20492736672042,1.19998642957285
"92296",1.3880099608672,1.39484625868643,1.39663050282895,1.38684354098866,1.39627808761652,1.40489318666498,1.40341665445348,1.40045185148818,1.40821383413165,1.41040780242482,1.41341700921084,1.40989943963464,1.39700157141211,1.38184995437893,1.38068445166713,1.3791267454239,1.3822415746217,1.38189740086092,1.3836430046817,1.3799697160176,1.37349324239449,1.36873622659194,1.36955644381425,1.36633564367672,1.35039526748633,1.32874637045921,1.32267718432836,1.32342574434859,1.30544299961214,1.30478931314785,1.29863612190541,1.30871923198921,1.30610355572768,1.30377747244834,1.28895693186742,1.2759721610643,1.25939331696346,1.23739294228986,1.21633977527538,1.19693714327714,1.19163128675211,1.18624841287193,1.17765488841693,1.16747814769797,1.16310578221932,1.16907241929457,1.15845364264114,1.14854008276712,1.14629938961885,1.14437207719558,1.13613879090023
"92298",0.945825851247355,0.94517893362997,0.945301313125011,0.942263532351886,0.953564017537091,0.960387047248403,0.967215914149057,0.969780920590221,0.969815418934689,0.966022451396002,0.96553211002477,0.960340536423717,0.94762941119234,0.939038094031619,0.937867421713455,0.935078889034256,0.941511062160096,0.933861393192211,0.935468502151849,0.935488351417192,0.934343232890059,0.935706310068874,0.939624614251915,0.93478145670987,0.92040419841442,0.900391734222371,0.892319496514678,0.886383959745592,0.879575302641807,0.878871316130964,0.875092418829734,0.875030819502415,0.869840957229535,0.872651089977851,0.859561442660202,0.855907578824143,0.84155314698019,0.833793121427087,0.821599226192618,0.81595507044976,0.819178824723321,0.817951370842491,0.811379996407676,0.808464978593982,0.806483679604484,0.817240756961074,0.816875949629395,0.821942977512922,0.82485555239643,0.825171775278321,0.81791805758297
"92299",1.58410505096108,1.58481608660595,1.58248026311319,1.5798196223654,1.59731299548453,1.60878662882417,1.62031119158558,1.62640424054103,1.62925740099943,1.62582551536708,1.62489128013885,1.61399696180088,1.59263868179151,1.57874821820877,1.5733865036939,1.57187632210633,1.58034490410178,1.57267291709128,1.57223725959274,1.57264491515569,1.57014584712029,1.57317194467079,1.58097864137437,1.57309638158993,1.5493970193803,1.51885243371349,1.50171431705461,1.48884746928913,1.47677456525815,1.47201984363963,1.46555257544913,1.4692267652516,1.45956248872413,1.46113989986513,1.44078079981258,1.42499902724071,1.40590225874126,1.38869501530762,1.3689092355996,1.35682073091397,1.36054865151286,1.35574781923893,1.34184963899223,1.33724266816291,1.33193675785925,1.34594006683814,1.34732200883861,1.3568154083473,1.35769310884738,1.35937195497624,1.34947300896619
"92301",0.937158202251158,0.936785993963007,0.933424162396372,0.935398932376719,0.942049862008705,0.94219940347471,0.945476217650771,0.94779401202067,0.952825511148835,0.950189419387772,0.953431084227499,0.950407751412087,0.942605810274627,0.937417012276179,0.938188288944219,0.936789845885436,0.94301267331296,0.938440270332024,0.938767491841661,0.938773322176395,0.938628109301026,0.940767846466725,0.948545251058596,0.943662347238199,0.936348611203922,0.925920687688799,0.92254882694633,0.915027961184373,0.908782130565226,0.911212657763936,0.907890490949055,0.911121435314175,0.903869492082596,0.90303489106439,0.890474423675059,0.885907655580582,0.873037557408451,0.866244515849391,0.853791907482244,0.843775759322243,0.845580973137002,0.84098753392442,0.831453849975023,0.830623546951254,0.826937423512658,0.83458597020244,0.832152846696192,0.838343515772504,0.840517857357302,0.841692664902666,0.837052218165749
"92302",0.927658343376243,0.927231156922436,0.92448103148984,0.92669681608273,0.935317860211014,0.934857043098346,0.938373001832725,0.94099383039538,0.94683965538705,0.945115610641123,0.947778056875287,0.944037363347139,0.934526565697719,0.929126586461574,0.929499524088196,0.930458862095591,0.937794715164013,0.934045611582204,0.933500643432297,0.934415308340932,0.934503925983692,0.9372717580649,0.944906713489215,0.940184308928627,0.930308791635267,0.918943584652677,0.916249839378514,0.908343240961933,0.903153750040949,0.902377906217344,0.900441295748648,0.904276166749895,0.896939134882516,0.896365223026174,0.883411815232647,0.87769038915896,0.864644229622558,0.856997858311072,0.845483744242627,0.835496603915267,0.838701349930556,0.834714448586917,0.826534349086993,0.822993258403145,0.822475191554133,0.831422406751673,0.830651822007531,0.835736881950784,0.836983974123812,0.840468997001042,0.835438962857238
"92303",0.458185789131676,0.458872608206833,0.457432351891202,0.458906238303067,0.463448502899773,0.463404499831383,0.469134250526323,0.469787804457974,0.472367633636213,0.473323638437648,0.473570216814523,0.469597627793063,0.463309139237444,0.46106143606745,0.461907566627472,0.464737948770585,0.468942741798754,0.470451104737502,0.467832839622252,0.469740224474246,0.469245979691186,0.471049950986033,0.476092559068869,0.473661823942505,0.467988419012706,0.461793009982592,0.458242733470862,0.454884374696851,0.451642999263702,0.448688997086104,0.450631625075799,0.454695662761271,0.450534607236257,0.450504170774908,0.441843977510603,0.439363233727195,0.433147933467536,0.426813838557607,0.422012681656166,0.417390274577057,0.421491698239005,0.420700571678643,0.41633944326177,0.413287067721072,0.414770995539569,0.421344543873557,0.424736745575464,0.424970326236861,0.426201823974762,0.429197443371792,0.426172180875613
"93014",1.14591680890226,1.14874543365818,1.14596281070287,1.14627409310049,1.14985979391843,1.15397609316437,1.15252968925357,1.15265521046646,1.15893071555119,1.1618940317734,1.16474525525685,1.16398667397164,1.15657875995716,1.1475650285206,1.14481005494516,1.14743866180741,1.15101924243462,1.14946806299913,1.15079729460578,1.15162650798396,1.14721111157516,1.14264988655755,1.14586192431736,1.14006535475875,1.1312891594052,1.11489225151211,1.11171920465457,1.10806584754561,1.09747894659905,1.09302908158929,1.08833334347119,1.09584669843043,1.09254860417359,1.09093570348604,1.07936926935684,1.06782616301964,1.05083514830033,1.03457456831725,1.01626085862843,0.998481127813315,0.994750103578066,0.991438182168666,0.981739496635051,0.97823498719426,0.973705259960884,0.98155968648445,0.975032900118411,0.968279225798844,0.966445906867134,0.969165398232535,0.963967296812547
"93015",1.37421302245275,1.38100286726432,1.37954472191481,1.37538870740415,1.38096661573255,1.38857913429732,1.38590827979742,1.38545235273643,1.39140254076024,1.39780920186139,1.39724221668289,1.39582377291326,1.38545597285555,1.37159300038295,1.36637212876599,1.36988073807508,1.36893136902946,1.37094846019658,1.36647032863008,1.36720824745905,1.36426153561704,1.35596789862897,1.3584381873642,1.35430171831894,1.33803626293474,1.31726294884535,1.31214689080055,1.30992061061441,1.29459601082284,1.2880120156724,1.28596164228547,1.29588844229368,1.28980796912777,1.28855497445214,1.27517217150621,1.26068811025135,1.24498159646803,1.22285916776735,1.20395330452206,1.18100617526823,1.1725925724023,1.16606490953637,1.15235158785928,1.14384348290737,1.13898023032503,1.14466457945527,1.13496131666414,1.1218152972229,1.11732875141185,1.11589527547618,1.10562951289262
"93016",1.43460007441536,1.44307573166544,1.44432432586719,1.43983256236811,1.4433038084392,1.45093696247486,1.44743850043888,1.44707224316274,1.45253026341271,1.45869955022172,1.45907624210988,1.45643488668242,1.44445088129902,1.42904734041618,1.42302409533692,1.42766642458963,1.42579509820475,1.42700189263122,1.423481197318,1.42455206476217,1.4214998300961,1.41215913806888,1.41208160779586,1.40546280123032,1.392908858163,1.37478292502794,1.36506149912693,1.36402106476786,1.3468452922813,1.34123174093275,1.34060845073739,1.34941810296087,1.34286517645361,1.34127322714404,1.32769020113741,1.31206660111719,1.29608520524591,1.27426823922885,1.25124678228084,1.22489868477942,1.21272237206699,1.20301588285697,1.18545917640282,1.17454810117682,1.16476989994121,1.16304963331619,1.1541535555916,1.1369574677022,1.12905762368832,1.12304557587264,1.10657244552772
"93019",1.49842008901614,1.49581644621791,1.49413938954497,1.49762885040199,1.50950647659543,1.52354916962378,1.53255459707346,1.5421812327095,1.54572685389752,1.54248753885801,1.53781041615095,1.53001961619101,1.50915962533711,1.4958219141681,1.48857409860685,1.49291734563495,1.49869481806169,1.49323292935978,1.49163850568467,1.49627459432962,1.49114366715719,1.49642594334535,1.50046937566565,1.49356547751049,1.47392621356965,1.4399960106306,1.42713336656366,1.41321864814256,1.40029714527533,1.39234770104407,1.38816618165032,1.39134072736216,1.38005199371662,1.38077390854742,1.3613422147642,1.34070756013619,1.3225922143979,1.30597488144162,1.28720966786393,1.26949058785997,1.27182007834084,1.26328545389072,1.24893110480494,1.23959974673578,1.23286101244031,1.24836591639056,1.24632055691558,1.25054100303048,1.24923334416617,1.25150638829884,1.23906201662054
"93020",1.67272111516431,1.66961461160714,1.66405592085404,1.6710735046061,1.68515258738002,1.69955584149798,1.71245859920549,1.72277051383268,1.72757442280436,1.72280244587989,1.71741376120577,1.70862711942222,1.6854892808714,1.67082332224555,1.66693907427973,1.66478309821277,1.67456664140465,1.66834234049235,1.66715699810788,1.67260310057965,1.66579914624987,1.67146397498368,1.67914092595019,1.66917067418414,1.64727755803668,1.6123771858316,1.59529039064744,1.57695483246803,1.56345073034633,1.55356405320923,1.54968271023007,1.55059663804359,1.53818823719311,1.53663457174882,1.51497244762064,1.49399534992876,1.46875358880324,1.45119905969096,1.42899320609568,1.40697198036402,1.40853728485866,1.39716590681296,1.3797103043563,1.36820702897299,1.35858494768651,1.37349002326729,1.37067726211413,1.37404964042572,1.3707539604775,1.37340090081816,1.35642757984173
"93022",0.855608046917041,0.853461992966286,0.849746758011661,0.852847208336285,0.859715362315879,0.860983727305211,0.864842752560464,0.870180355297025,0.874852899141501,0.872861410358364,0.874590747606319,0.871388354427954,0.861857756309594,0.857350583009285,0.858767083341667,0.858189315473571,0.865547634483669,0.863733788430811,0.863319378495403,0.863204309870913,0.86188380562097,0.865278018146771,0.871474108138044,0.868308578446836,0.859891028439378,0.848971290993897,0.84502437116735,0.834710533937743,0.830143851806625,0.828673567720091,0.825283114067366,0.829317246693081,0.823002686690601,0.819632320645234,0.807486791285714,0.799949566259659,0.787158479528825,0.781180805728885,0.770731079623781,0.76118896629924,0.764114136844504,0.759007996351896,0.751539168368352,0.748929049953164,0.745635449174244,0.754713986708646,0.753802444672111,0.760829129864981,0.761114944173538,0.76359457816663,0.759196727563194
"93023",0.989449840705493,0.987749833150679,0.98351296657665,0.986807070585085,0.99514171608217,0.997032379924943,1.00639909561355,1.01472947636268,1.01951697671885,1.0186594174892,1.02047503740731,1.01355342963729,1.00121398168171,0.995669824416415,0.998022770845682,1.00074431196419,1.0103746435079,1.01273697403539,1.0120315138161,1.01129334160524,1.01060735005129,1.01489040189227,1.02415786648179,1.02142725319343,1.01070608981803,0.998110923340716,0.989467462233183,0.97653936736364,0.970590729991643,0.966186861498392,0.964411855809058,0.971042509411332,0.962151810064438,0.958008846394048,0.940633677245433,0.930106730383925,0.915582348917208,0.906247897126439,0.892227740976588,0.88314204732599,0.887922762863874,0.883616119607545,0.872927064803621,0.868060799447662,0.867137896704458,0.877732360405651,0.880552858370257,0.887107653298343,0.88854671003013,0.893350400511644,0.888057244377494
"93024",1.01499313460954,1.01482484673389,1.01175276555235,1.01347558384508,1.02183171724145,1.02515565327671,1.03716797845701,1.04713354045018,1.05024641149212,1.05057010082113,1.05170557239947,1.04362499135982,1.03099805736292,1.024247941795,1.02615105678108,1.03112801080817,1.04346597236386,1.04741693946024,1.04586161890465,1.04490156399432,1.04465792187342,1.04926077445218,1.05735789228997,1.05702777989801,1.04465049213777,1.03150059306125,1.02180670102032,1.0081852881684,1.00170681279004,0.997143467492331,0.999684073650016,1.00442257354165,0.993139934252702,0.990393138210206,0.97221280424745,0.960749320240193,0.944843561451701,0.934587553530924,0.920857708618784,0.913260261940597,0.91896547562264,0.915877727687312,0.904647734511636,0.897613161846505,0.900304438714441,0.910157039352872,0.914316665222818,0.921335651218284,0.925079470423897,0.928906238095822,0.92041067008778
"93735",1.07027166982734,1.07439125497851,1.07104990581242,1.06973452072973,1.07130810318537,1.07501019403782,1.07297620845445,1.07144667355613,1.07500300609066,1.07596370095105,1.07890081852901,1.07580442948747,1.06837568484405,1.05908303622195,1.05298842211989,1.05467023237154,1.05201497897778,1.05275260956267,1.05131189232629,1.0455925546344,1.04351229340112,1.03665084357806,1.03817209844446,1.03271306947772,1.02397821777795,1.0081613602344,1.00357249188748,1.00211763064124,0.991197423321143,0.986208258048921,0.981827925514814,0.989395470507124,0.983123072860048,0.980966440566464,0.972950018026081,0.961790220713912,0.951837812945531,0.937209153862274,0.919418927337689,0.901524225913854,0.889973800958426,0.878685167571007,0.861566705532926,0.853431032576854,0.841250140350325,0.841846701500123,0.82955711955312,0.816992569467677,0.808193153515571,0.800814207162237,0.787501032011655
"93736",1.28982464175424,1.29634570633262,1.29216738742506,1.29002203994712,1.29274126878789,1.29655076989297,1.29323342823949,1.29197121649381,1.29573831287074,1.2954333295485,1.29797175451213,1.2932837324962,1.28451568415094,1.2711438135346,1.26449847417173,1.26853046781903,1.26441020776625,1.26694862049483,1.26708360771442,1.25784612718143,1.25386742166429,1.24567919234939,1.24796351271344,1.24201895357509,1.23007736296296,1.21205931212564,1.20713779796193,1.20636602583897,1.1922566987637,1.18698674576396,1.18246988233815,1.19227933654536,1.1819367096244,1.18113471310796,1.17124188391675,1.15588070365914,1.14502970045847,1.12607440005365,1.09451025073512,1.06547779845732,1.04196764542674,1.01661597543879,0.984774424043247,0.964044631361156,0.940407830606581,0.9296284119524,0.902985481962705,0.874441378710945,0.853205849882926,0.832267472076712,0.80464596209103
"93737",0.845705655482743,0.850240090354658,0.847543425703617,0.845559711644537,0.846819636879879,0.848019392598519,0.84628690313622,0.84602677067959,0.846705058463825,0.847993482227854,0.847376010389775,0.845926879396477,0.839176663211018,0.828629295870372,0.824535573935462,0.831481204967332,0.82797402538141,0.834091582034737,0.833358871979255,0.82552964476291,0.822083257379645,0.817371133288728,0.819099221711853,0.818403012626457,0.808564121079198,0.796175049815322,0.798389644979586,0.800197711993287,0.791240108871139,0.785168230410379,0.782953409009226,0.790250481164971,0.782726222077723,0.78286297085276,0.776920559870205,0.763124606318939,0.757437463158711,0.741067264100321,0.725032380401362,0.704586404335379,0.686276327092129,0.66479701433876,0.64032494473748,0.625445909601064,0.6101488734295,0.598828431709036,0.573219892125587,0.547211133132492,0.530109939202325,0.513491081593186,0.492560384112393
"93739",1.04504912819393,1.04811171901477,1.04297006055646,1.048058916383,1.0541398507661,1.05748723784439,1.06586487115872,1.07430545108512,1.08023597730209,1.07769791469496,1.0776350563801,1.06895848773248,1.05529170017133,1.04643299598421,1.04424735388008,1.04317005960988,1.04722718241011,1.04820103217553,1.05258629348287,1.04754518493881,1.04663255119226,1.04646742057732,1.05285764045965,1.05014736101665,1.03783514279685,1.01696693929977,1.01205687456486,1.00149919554917,0.988724564492212,0.98219790573992,0.975094823936405,0.980533552742461,0.97537408801668,0.973431139852507,0.956853508176261,0.942285096166152,0.930745507667661,0.914843364532067,0.893133845830945,0.88259010631924,0.878830227301475,0.870436340381223,0.852592673833519,0.843530668639391,0.836050952744188,0.841358542642629,0.833295151755741,0.832097277180973,0.831530738997071,0.826016275184951,0.818286858114048
"93740",1.43289539484977,1.4359342846078,1.427042379925,1.43503318075751,1.44422569610012,1.44686789079532,1.45892581187278,1.47235621830842,1.47965081443487,1.47516622246198,1.47189747951814,1.4631331794299,1.44571454859252,1.43342242916069,1.42856668384445,1.42675321576579,1.43179028222206,1.43147249208279,1.43741275182026,1.43137779753011,1.42927308701423,1.42724987531733,1.43987005817943,1.43373979076533,1.41828324082403,1.39138327038864,1.38117463574783,1.36022997809006,1.34672690842965,1.34014511642447,1.33344871734914,1.33192300872305,1.32401541285135,1.31990064374106,1.29972092365518,1.28008843149914,1.26072139597835,1.24114751386382,1.21080717132356,1.19489269904397,1.18886861959776,1.17747872982342,1.15039032702732,1.13816126913607,1.1245076664309,1.12996518397772,1.11861067500582,1.11869222897894,1.11431465157506,1.10452766308721,1.0897700822545
"93743",0.877451621822547,0.877015768646373,0.873800456235231,0.877785894316062,0.884997409479841,0.886924781155506,0.894953939088413,0.902098417930761,0.908960038240533,0.905709345177462,0.906778596687393,0.902302136239883,0.893237343243959,0.888420818525959,0.889119333897368,0.89301309046578,0.902205944051022,0.904663172653133,0.909818719625451,0.906512779258266,0.906854464653197,0.908208920425153,0.915766772665811,0.913616752291395,0.905335289463108,0.894104701721084,0.886719923726402,0.874688138168446,0.865016987966004,0.861414760643338,0.858225449195438,0.860497806230447,0.851462179069607,0.845944157828878,0.829388714335009,0.819499531541222,0.804310435761418,0.79556274863326,0.778860704798348,0.770601479716427,0.773462678208748,0.768815937700408,0.756636336184997,0.753558492006627,0.749416076773825,0.757344361758653,0.760081342088986,0.765298130102666,0.767074731394308,0.769606353542325,0.765036013204071
"93744",1.1095768804953,1.11040402851662,1.10746725522271,1.11303731988704,1.12255967892805,1.12592917133796,1.13737202725171,1.14519563065256,1.15477008946394,1.14892192984554,1.15039152515081,1.14577918604909,1.133261096804,1.12765113395929,1.1293378533095,1.13636462851076,1.14874380416207,1.1538921631894,1.15823900634734,1.15396031451969,1.15375574258975,1.1565586375682,1.16688354062667,1.16327217771068,1.15187313224035,1.13537658164916,1.12772417139905,1.11450069889636,1.09877288417115,1.09660824464142,1.09363556990906,1.09634854753882,1.0828252531974,1.07541539626774,1.05270754123682,1.03961567727932,1.01997966813191,1.00668805253401,0.98683187793318,0.977025743292941,0.98242334493298,0.975080833570799,0.957084636723666,0.953821977837091,0.950069643054176,0.961871107318511,0.963820285718143,0.968984626772903,0.972849163489274,0.974954497814662,0.968412531796706
"93745",0.866975016501237,0.869278712667228,0.868007845270644,0.874178131738091,0.883616898315364,0.886570498133853,0.89676875486406,0.90302817950674,0.908201030479794,0.902845916904694,0.905031978073716,0.901075162083215,0.88994600727307,0.885225721931353,0.888577403212821,0.897916524601498,0.906032576781601,0.912598982665627,0.912605140586042,0.910725853556594,0.912831278782459,0.914883891429377,0.921106481205662,0.917354526738741,0.906600881298593,0.895706153502726,0.886788579838697,0.877830925287825,0.8667340332222,0.863764126928228,0.862666081169482,0.864235038451671,0.85492916909742,0.847113903152936,0.828122563424788,0.818079123811412,0.804847640554504,0.790622400378466,0.778145085904481,0.770077990818119,0.774385061630432,0.768113588544236,0.754828006637494,0.752144825770341,0.75046207123945,0.758669767507192,0.764321412634555,0.766812242226084,0.769558241986881,0.772696675114882,0.768358715860806
"94456",1.2325401175076,1.23668559831688,1.23444044486517,1.23384724945112,1.23708937961706,1.23584971647646,1.23596796303421,1.23149161922303,1.23367213681025,1.23043281999918,1.23344974643835,1.2311200163055,1.22199220688844,1.21020366254519,1.20496324652195,1.20555452116284,1.2027076003813,1.2027014054574,1.20555158763886,1.19802395893031,1.19186699363662,1.18464891195155,1.19031785705598,1.18088208048514,1.1702279793743,1.15421846396967,1.14895903203349,1.14737513004959,1.13771379317553,1.12955677763089,1.12641421627526,1.1288458192191,1.12250747480235,1.11856207294004,1.10748177052778,1.09507267683001,1.08591409864908,1.06953916913507,1.00238183506761,0.945033150827952,0.890543382960526,0.835167161104136,0.770562487544866,0.719212165175151,0.668041844496321,0.624900860588343,0.566756132496606,0.509890016189897,0.454886675374346,0.40393637116146,0.344130160083427
"94457",1.03510641318717,1.03811593590191,1.0352220724816,1.03432104382701,1.03689311780699,1.03344619223608,1.03498373057477,1.03203085542716,1.03223330147823,1.02880769058489,1.03134993958093,1.02963537821282,1.0220918759752,1.01117883407136,1.00569392595444,1.00536234296005,1.00306000698476,1.00425829462828,1.00512809825835,0.998685371091774,0.992699888053691,0.987570484907859,0.993029059890832,0.986927422221733,0.976336532352952,0.963184554606076,0.958337391075521,0.956957297835807,0.948665379273172,0.940985272760284,0.938127096321008,0.940121590731697,0.933537966014826,0.930534083795314,0.920730680871834,0.910739066013421,0.9030279579176,0.888769613580579,0.833405656410391,0.786195100504057,0.740996600954718,0.694132575924965,0.640458774776945,0.595730332779528,0.554842523260259,0.518765063727193,0.469760324920981,0.421971862144863,0.377341826631913,0.335326770813707,0.285762712172695
"94458",0.849513119155745,0.852108980214326,0.849811526609308,0.849162399314347,0.852032744701881,0.849485401916249,0.851962099275163,0.851150708308997,0.85124044144125,0.848621794529347,0.852254092372355,0.849315831780268,0.842094797603179,0.832829736360302,0.828559752261558,0.829310726360608,0.828896562373346,0.831491387257204,0.828070047874495,0.825497235535805,0.820732193258971,0.817471800463244,0.823151169448149,0.818495561540955,0.809928929396292,0.798179677957222,0.792129914018547,0.789485643575854,0.78062395661418,0.773495716404451,0.769117079240579,0.772098063053815,0.765727922305148,0.762294693005249,0.752343996551522,0.743441267396961,0.734183542130269,0.719822897575704,0.676388817209958,0.637700440346126,0.600301108024898,0.561196891175316,0.516685288665152,0.479583779289642,0.446184887313201,0.41706085345506,0.3776591929775,0.338807844145264,0.304206595837973,0.270009548240029,0.229773694501298
"94459",0.707189186690812,0.70838459584081,0.706270088980679,0.709228768336143,0.713100912146491,0.713340376860169,0.718657634984477,0.722945150167188,0.725524928827565,0.722721732290052,0.723513592480999,0.719275797908344,0.711657729817804,0.705726536555624,0.703095670884694,0.70413125502281,0.707305688178014,0.70718458097814,0.707447547294736,0.707446157211888,0.703149280604556,0.704464085097948,0.709556686063774,0.706917478196569,0.700853820028592,0.68883290567773,0.679616259656199,0.672217462030586,0.664083119128878,0.657259406303593,0.654239034682569,0.653991726750759,0.649409692409056,0.645355490851942,0.633642109265314,0.623386763603069,0.611877084189771,0.600626343906512,0.58242410728047,0.564429394681579,0.552655259680968,0.535079959241894,0.513180006255755,0.501413209751182,0.486091235677653,0.479261960506273,0.467551476591917,0.456179121480624,0.445579829123169,0.434958546508031,0.417686346617185
"94460",0.992180384122912,0.993777367649142,0.990673324195648,0.995038304526124,1.00124921636291,1.00196006212733,1.01051874914617,1.01805098582609,1.02233578386008,1.01826877306239,1.01843815370711,1.01281690650328,0.99860402182441,0.994132334999565,0.988670710446304,0.990546974445198,0.994708966603531,0.994971164945593,0.997500465357203,0.996945796048493,0.990800586580551,0.993225235109184,1.00097092911775,0.997455623938378,0.989632523342562,0.972775044908166,0.958793042127675,0.945370603860182,0.932844949156557,0.924594228630771,0.919983036454114,0.916246236884778,0.914309569906506,0.904725529039431,0.890429710616787,0.874757780558872,0.857581837782111,0.842656910828315,0.818234657883238,0.79835761384675,0.786067906679937,0.764451990925445,0.736754292376311,0.719324778128968,0.699538488932925,0.692779231299141,0.679002180055833,0.667349694536158,0.656139092906686,0.643002555258291,0.622028918535237
"94461",1.16654005773744,1.16760117767139,1.16646148980025,1.17036779661901,1.17827459836856,1.1786325531385,1.18780859549531,1.19549504019811,1.2013019712164,1.19576551782197,1.19633024532103,1.19017827523323,1.1741033682815,1.16891981941609,1.16588551724026,1.16868908726381,1.17562421334997,1.17664404513016,1.17919112746112,1.17838827153623,1.17372184749652,1.17612704375681,1.1839245180832,1.18021270262821,1.1723131408149,1.15571474511298,1.13993288482225,1.12221380323798,1.10713704395921,1.09628391255354,1.08846811440757,1.08760720518936,1.08160306041949,1.06865295695671,1.0475857028493,1.02955002079353,1.00843058443457,0.99260129198396,0.973613505595084,0.947272571012275,0.926000346377113,0.892470058928028,0.852778893372784,0.823598940459342,0.792093048967595,0.774171517553624,0.747891054687405,0.725610333711897,0.701447610735667,0.679034675046721,0.648224656841649
"94464",0.93610669433474,0.937199834512076,0.935935032213559,0.940377852228767,0.949376192785628,0.951807150837941,0.960461159767466,0.968160299967347,0.975763191653813,0.970448702686278,0.971515458705248,0.968126414878106,0.957299082635549,0.954518378226769,0.957279320478961,0.962981312813171,0.97485304061599,0.977141162814183,0.97974595000494,0.978070802946353,0.976774823543656,0.979651174610551,0.987669954645604,0.983985383226887,0.97524714534408,0.963410187875379,0.956297454656514,0.942567459533741,0.929064136526469,0.92801498369161,0.921253386844413,0.923212416812642,0.915746356071636,0.90497277538,0.885013937278655,0.871523717089426,0.854629176280232,0.844592016740063,0.826439388020439,0.81813589363496,0.821997005283215,0.814044778504317,0.799021685891738,0.797238246661126,0.792233778362357,0.80038439878931,0.799910347041219,0.806008667882457,0.810284797514307,0.810584700857471,0.807706674494143
"94465",1.09580365164657,1.09541095591026,1.09634106771099,1.10450985371941,1.11593465189066,1.11733875645836,1.12737060044036,1.13522324635019,1.14375457465708,1.13488665750777,1.13573248261852,1.13533467019193,1.12619707752298,1.12395423872689,1.1281439697353,1.13385088181133,1.14634493170997,1.14525922350676,1.14653941253258,1.1449410930704,1.14280282891871,1.14577666608445,1.15264834488845,1.14503234844353,1.13496136657994,1.12079448817923,1.11299363571758,1.09567401123122,1.08007347332569,1.08005461095663,1.07067682130131,1.06708853804938,1.05599919249381,1.04281334488465,1.0194025512521,1.00297866446205,0.982794171478637,0.971719859285429,0.952914266412112,0.943853245708437,0.947684604458828,0.938759326837397,0.922038870440421,0.92208666178438,0.916101709965936,0.921991814007465,0.919329085410636,0.9293236767843,0.93434920935323,0.934804476074939,0.934708576217925
"94466",1.02480657873311,1.02416983334765,1.02699980466712,1.03591410713685,1.04693647311016,1.04880187826222,1.05726175128195,1.06478325943528,1.07210852849659,1.06233826166591,1.062741478981,1.0641284882904,1.05655984834138,1.05486750921048,1.06078003753214,1.06656441811364,1.07779378084836,1.07581171240929,1.07506329829745,1.07692696552337,1.07144086297499,1.07533409949843,1.07929060948523,1.0717087164166,1.06005928172446,1.04780698636121,1.04286511880622,1.02526025709508,1.01075007819877,1.01122827410733,1.0037971966083,0.997954560693544,0.986095622985402,0.974563798105149,0.950650146172207,0.935078085905108,0.917526396489614,0.905845217292023,0.889032770496255,0.880681432436985,0.88732221290457,0.878378754462491,0.864923684817552,0.865225958957945,0.86250226677693,0.865179745065738,0.859147202950186,0.87218698177061,0.879037400395628,0.878524350336244,0.879138938253653
"95176",0.853479889516893,0.855181985245094,0.851898322563728,0.851687490906334,0.853698670150356,0.850244238866634,0.850467611603125,0.846750458348521,0.848095881125704,0.844399337816152,0.8459565742685,0.844094688185268,0.838984530674002,0.831148191479831,0.827397525308367,0.825503017219776,0.825207692136718,0.824548212022116,0.824478429837993,0.820586721754054,0.814870694247545,0.812023173392568,0.815314443088646,0.809660818754657,0.802444529951817,0.791602912255143,0.788516686938208,0.785440141445803,0.777827969195512,0.774040886090334,0.770400558060665,0.773030260833343,0.766786934402459,0.764502824516427,0.755383865584353,0.748568876463408,0.739558313519426,0.731031009250464,0.68637403175057,0.646664872729872,0.609609114267303,0.569739792153838,0.526886211981905,0.491013764869284,0.455995907016084,0.426154600520144,0.38592294437652,0.348864992977689,0.312268764932405,0.275569838888857,0.236034681371356
"95177",0.767583951139386,0.768921880315474,0.765703361970249,0.76522085423631,0.767281728830211,0.763477164222195,0.764371919153357,0.761801322461013,0.763027822837735,0.759599553094796,0.760531919549718,0.758468915988341,0.753996319672495,0.747976592558143,0.742616416726735,0.741251745179478,0.740698717298465,0.740295472239357,0.739572571243133,0.737400253144889,0.731366373432854,0.728881202217073,0.732220516030043,0.727671671362632,0.720249094281067,0.711742210036171,0.706634638753624,0.70330600604237,0.695368198674447,0.691108730126745,0.687536846599151,0.688987121075548,0.683110060200126,0.679065864693711,0.672598001326801,0.665021194630882,0.656115448238458,0.648344723728996,0.608327470241987,0.572057913507597,0.539647728500303,0.504026063211287,0.465570675164716,0.433006707288977,0.402347738388218,0.374337858438363,0.339827059447356,0.307055945592218,0.275049805672545,0.242995724174206,0.208244114020887
"95178",0.726727840032982,0.727985505852215,0.724673441919455,0.72418919363595,0.72637992850964,0.723322717096943,0.724694277218755,0.722927597257557,0.724861998214051,0.721844145960815,0.722426581137058,0.720587666341412,0.71522065731642,0.709327808657208,0.703872729915222,0.702679442812963,0.702924555695547,0.703455391715345,0.702009617403971,0.70052704582901,0.695077276546546,0.693105776422692,0.696860071195867,0.693070100140553,0.686011536753732,0.675671914191186,0.668463539571596,0.662644403936105,0.652110293893122,0.645552013551116,0.639812994887661,0.639053277562774,0.631801919564069,0.625898674698735,0.61683348547771,0.608250738211616,0.596234783456402,0.586545732888003,0.549005437998115,0.514648239797641,0.483931615560203,0.450045011738205,0.413573745358111,0.382515062163089,0.353684610218508,0.329098507068136,0.29818662806273,0.269470116499838,0.24157182756348,0.213366671822081,0.182799239959717
"95179",0.779499600610143,0.780804179565941,0.777027985035606,0.777000233181909,0.779771664235351,0.77803189853074,0.780962588456813,0.779597900499258,0.783116151864866,0.780459953514894,0.779474996349767,0.778148717495214,0.77086661337909,0.764703078672723,0.758803784972598,0.757860857116169,0.760071155903163,0.762476692876642,0.760047281946282,0.759858573779478,0.753671002629199,0.753341063579813,0.757757500118538,0.754075508759861,0.746285491574066,0.729430621955068,0.713787990487654,0.701551212769945,0.683105218295267,0.669086000082779,0.657632831517264,0.649139267631476,0.636511975393306,0.624497697993191,0.608690098336245,0.592080846635486,0.573159385675252,0.555526477031483,0.515394010057171,0.477900537249484,0.44471221487571,0.407380476564247,0.36870935173032,0.334894056319667,0.304534479742051,0.282966584502155,0.256589692162275,0.231760278408002,0.207611081517544,0.183290412988681,0.156320735446525
"95180",0.567809438158292,0.567373956434003,0.565187313235135,0.568204494627549,0.571377106274817,0.570561559899496,0.574146077975561,0.574764185384153,0.578645505527226,0.576026562584119,0.575326727253144,0.574388677424991,0.568542092628479,0.565975557307097,0.562818061068579,0.563984933822996,0.566511176771257,0.567110398673077,0.568627599772494,0.56897053105456,0.563936267642417,0.566093564716425,0.569296136822029,0.566837116159042,0.561047218067676,0.5491954747605,0.539447436574294,0.52907845934107,0.515830064214719,0.506601271314338,0.498412635947984,0.491459775196661,0.483174971827925,0.473936272804122,0.460472255398877,0.448212698140625,0.433714580455224,0.422635254754759,0.390839911842824,0.362855294781623,0.339020388118518,0.310988455223437,0.282640638055103,0.257054742020623,0.234591388656023,0.217985740884807,0.196726511992457,0.178666429019706,0.159944200453571,0.140625874771962,0.119564826750604
"95181",0.716839735684334,0.715872646758656,0.713236552218564,0.717441070257299,0.721701037136935,0.720935042577974,0.723281502963089,0.726006262732028,0.731811929410481,0.728113929371867,0.730349688159513,0.726785681136948,0.719230812178888,0.716403143734618,0.712894252264047,0.715773987468926,0.71839280469128,0.719416994200729,0.721482018089964,0.722564958469982,0.716297996080342,0.719367454267038,0.723306755044384,0.72034796616501,0.715430839941695,0.703382617460078,0.696995478787417,0.684966034818531,0.67215573910359,0.664747612024588,0.655791755220906,0.652377628906403,0.64485173095146,0.636284666573439,0.621396730747487,0.608290030220866,0.592890530287938,0.582784148115344,0.542651388165139,0.506611925685269,0.476860444169445,0.441563997792742,0.40569339379542,0.373458716510065,0.342723158470081,0.318799108115985,0.287123122393579,0.261900807553557,0.233574609618329,0.205169474996116,0.174627132023457
"95182",0.964556912866829,0.962581189372571,0.957128028535269,0.961587114991274,0.967940409143176,0.96559166714465,0.966637041030273,0.97026631332792,0.976513310048943,0.972324094793767,0.9749512417279,0.971534998902888,0.963723621755943,0.959413575822193,0.958859780419181,0.959602077482035,0.96199936304756,0.961314321096187,0.963220527085372,0.965213783484737,0.958842846731528,0.960777553198385,0.966056608616115,0.961667069047156,0.955675047070683,0.943572563803687,0.933688645149266,0.919431549421549,0.903510536149492,0.894229890434624,0.879953845054593,0.875320124314959,0.86377115560769,0.853226403391212,0.831037731033784,0.816027462182186,0.795116908492615,0.782265059531165,0.730266411934626,0.680443726852379,0.639426283688661,0.593726100127254,0.545372025227515,0.503696618918856,0.461758494992548,0.426696949015833,0.386436619344439,0.351084401270591,0.313772755794805,0.274945942740685,0.234738975822113
"95185",0.92607181071071,0.925750620430776,0.924136120377639,0.932174348894488,0.942136715110373,0.943279839650498,0.948874658065872,0.955542083083753,0.962822750335078,0.956858168623831,0.957142356702954,0.955828763658045,0.952054399465182,0.950082071566454,0.954158415975114,0.956516055179565,0.965072376957068,0.964352662589234,0.963684901822563,0.964355471135673,0.96069365616142,0.962659502541017,0.968448781373876,0.961486600453951,0.954457637325972,0.941948434454175,0.934277571752694,0.920635870705635,0.907604692389764,0.904987818958738,0.897104172858905,0.89348222721883,0.880209649919328,0.869888202725111,0.849766520914154,0.837225109657005,0.819070377868207,0.810485656902173,0.794864647245273,0.785399513051443,0.788405747435458,0.780807062837979,0.76721921828756,0.767548588255336,0.760882591152811,0.765231292094094,0.764009887968406,0.770508422987726,0.774461991271696,0.77459410409466,0.772534342649673
"95186",1.14781558608593,1.14740518725382,1.14638532837217,1.15720179071251,1.16925288827739,1.17157782291727,1.17774509773002,1.18455023294013,1.19222269825486,1.18388251586071,1.18531452723176,1.18316035235257,1.17831387355364,1.17672213608404,1.18225456909583,1.18560706287635,1.19578003712249,1.19486646193523,1.19019615124069,1.1926149685277,1.18783600026534,1.18985211047488,1.19554132679041,1.18657599667598,1.17518691342795,1.15915249187785,1.1500426821312,1.13336115914299,1.11703494321566,1.11354421174628,1.10399426963093,1.09777608568894,1.08004998009489,1.06640470040737,1.04121826002987,1.02483955951371,1.00283210790744,0.991026053817743,0.976582083715836,0.962617420647817,0.966164778660099,0.956899645986272,0.94064684050712,0.940264651868501,0.93475963960312,0.938497606751456,0.93653981553106,0.94460204808578,0.949110053153963,0.948659401789292,0.946079847910148
"95187",1.00746936884898,1.00521195344715,1.0057119563722,1.01637421615625,1.02633410076219,1.02932568821971,1.03313888413579,1.03807645449665,1.0429935075913,1.03567371124855,1.03585517567703,1.03626586036819,1.03024064934248,1.03036746669285,1.03466284788133,1.03879769511296,1.04634482279912,1.04433283940145,1.03808237744705,1.04337113764317,1.03699127306483,1.04061820382088,1.0433246353704,1.03572511880645,1.02478748113322,1.00944577945335,1.00038114803362,0.987510934608713,0.973275056043009,0.969255962433735,0.961584230324664,0.95355323282855,0.938156609534467,0.92544110558148,0.903919910185656,0.889542710507384,0.871275310967938,0.861691131902245,0.851245674789273,0.837908980692759,0.841624879212855,0.832903146537034,0.81953634643401,0.817907973856938,0.815084008082005,0.816812459606573,0.817467120397488,0.824664176371828,0.827226248418333,0.826414496253065,0.824563275015874
"95899",0.620066908465378,0.619954046157541,0.617187818629267,0.617049396201869,0.618876198276322,0.616438468249601,0.616255922915131,0.615564777040246,0.617445636356229,0.614606755600015,0.616182067843528,0.614570345191019,0.609063918522123,0.604541527003983,0.602745798394089,0.599114491549744,0.600222016648806,0.600518243948875,0.599704321540784,0.598574368468214,0.596530139979206,0.594576384413246,0.597341087649727,0.593650363106091,0.589647306840416,0.559668369635564,0.528062916645648,0.498584091148203,0.466092122454004,0.436350817597199,0.403709615287963,0.375726017359671,0.348632730486291,0.321586691588067,0.289576405206498,0.260710060296796,0.229399246128406,0.199611020605895,0.167707009516421,0.13791103595425,0.110226912940357,0.0822151702057455,0.0513861307061934,0.0259077080127741,-2.16526796492644e-13,-2.16526796492644e-13,-2.16526796492644e-13,-2.16526796492644e-13,-2.16526796492644e-13,-2.16526796492644e-13,-2.16526796492644e-13
"95900",0.642534760964918,0.642129578035998,0.639645417840592,0.639596939390489,0.641970497126339,0.640192073492489,0.640060706903992,0.639307302591678,0.641809829633606,0.639287033438485,0.64092445275,0.638642581597892,0.633133274584623,0.628805074795149,0.627236874695628,0.624825255797261,0.625986672710366,0.626399552834143,0.627138988878046,0.625702909580532,0.623244959649683,0.622001516055751,0.624250992882729,0.620748273727318,0.616035637717022,0.584490099193164,0.551742802262481,0.521342200185958,0.486913298164966,0.455669253890573,0.421758137082724,0.392157379094553,0.36403865993021,0.335814859562611,0.301703527738639,0.270820133515097,0.238318524423326,0.207076035524503,0.172442637023221,0.142137522737164,0.113614080694014,0.0844398236564763,0.0530612045604913,0.0262325029204833,6.82343070934621e-14,6.82343070934621e-14,6.82343070934621e-14,6.82343070934621e-14,6.82343070934621e-14,6.82343070934621e-14,6.82343070934621e-14
"95901",0.414340190251824,0.413852769953825,0.413148047365844,0.4144621635354,0.416932942906438,0.417194943270567,0.416813269015423,0.418073701205294,0.420502083921466,0.419222070577873,0.420155096123586,0.418708093186,0.41510179881061,0.413450888413029,0.412630715173231,0.412550515085654,0.413373632570642,0.41361677916367,0.416073575813487,0.416464939939747,0.413390228994446,0.414238649709056,0.415691356087356,0.41368256732185,0.410406920708712,0.401876121753954,0.394951268706874,0.384507654075268,0.372804491085535,0.363588771885091,0.353286291701633,0.345089640656042,0.336369188739377,0.327402134032643,0.313777387592704,0.302524912858662,0.290337951791122,0.279912716122038,0.256176680764212,0.235288529639914,0.218107947928134,0.198194449198437,0.177585980761158,0.159701991932377,0.142387682633624,0.129788182893643,0.115623352292169,0.105219196753182,0.0938701503290282,0.0820697266819371,0.0700223970101507
"95902",0.651788512860367,0.650450457326507,0.648000797985854,0.649523500738037,0.65373183560868,0.653065874477224,0.653090075754791,0.654644631431237,0.658717662482343,0.656044098056848,0.658127186422827,0.655360901711698,0.649618523804307,0.647165003280378,0.646816174966994,0.645799226487599,0.647334998197039,0.646454684614668,0.649717810935048,0.649942678356412,0.646581334343426,0.646708289445916,0.64965915718169,0.647024992611204,0.64152620268192,0.632272923422901,0.626565720806106,0.615330699470585,0.603023330850343,0.594939126814441,0.583027477813921,0.577935908464966,0.569152549112082,0.560364657577033,0.544250242706638,0.531982825242049,0.517459721518868,0.506653568679204,0.470428561733727,0.437635241611183,0.409819317707053,0.379626765057841,0.346934962001355,0.318912479632536,0.292013808717095,0.269112634773139,0.241302870450877,0.21962879798329,0.196100867768587,0.171814181386143,0.147220702821633
"95906",0.974698771716066,0.973139466088087,0.974195518106527,0.980999418588764,0.991092071320191,0.993165823551853,0.997350946304064,1.00076907240601,1.00570914129464,0.998896745541411,1.00006568713867,0.997306548718163,0.992430621129311,0.991675270474459,0.998156761555234,0.999179478211173,1.00911972640954,1.00347920396842,1.00273502860007,1.00281209711638,0.998317838606448,1.00066519983276,1.0033364314016,0.997262427816101,0.985559058765147,0.970232405331963,0.965075535448718,0.950228457387218,0.936241307728964,0.931798185289466,0.922006515722719,0.916628595645001,0.900209859209901,0.88764907127536,0.866517759128277,0.851150395204589,0.830195400376144,0.823592264225982,0.808899767658064,0.797309700028902,0.797890609992723,0.789787647296731,0.775400934769197,0.773262108440133,0.768915841475261,0.773596595001776,0.766535146017518,0.773514680523993,0.776790268385845,0.776251635415884,0.773543446040309
"95907",1.20962278219595,1.2069798370151,1.21029534505129,1.21984773710683,1.22860768457103,1.22854089377558,1.23246827170814,1.23187269930056,1.23387320451774,1.22466082867207,1.22506487049482,1.22297407980059,1.21689272370324,1.21623286524427,1.22165259445565,1.22461362818635,1.23371348749641,1.22208543717969,1.2220152648296,1.22185896103469,1.21540273854036,1.2176971135878,1.2177732164648,1.20952196886558,1.19305509622066,1.17648169487533,1.16563820828606,1.14643754648922,1.12849184770645,1.12049326052794,1.10496777844152,1.0943291975019,1.07061861240518,1.05660750087088,1.03094187751472,1.01270339358562,0.988512488919458,0.982820248054345,0.964812890401573,0.94810687617058,0.948405310755213,0.934858705140302,0.916048590948998,0.910580997930175,0.908010559283355,0.905623248264877,0.900374431889942,0.908973530199455,0.91100202064453,0.909232022503017,0.909133451494697
"95908",0.86852008210335,0.865188482753061,0.870416155856463,0.877163522857074,0.88161565401953,0.880118982209918,0.884487633577545,0.883109996038845,0.881939811343083,0.875666484992969,0.876068834551005,0.874739978028438,0.869755781631424,0.868504885370855,0.873864865271116,0.875499546592217,0.882190847282641,0.871687960884512,0.873844369873073,0.8716985101786,0.868075839628214,0.870868510372012,0.868490989958801,0.863332252579026,0.850957002853252,0.841706968691706,0.832039205152491,0.817902649965602,0.80656227476629,0.800051870023174,0.787662789318565,0.780146542939291,0.762633645162008,0.755318396891539,0.73583134671241,0.722750798653534,0.706751861338257,0.703666348883433,0.68762980308741,0.680048438532873,0.679528060862624,0.668780173685078,0.655565512820306,0.65070052024924,0.651092127922123,0.645872175495023,0.64474449416923,0.650180490303579,0.650274315018313,0.64864663345092,0.652155170954792
"96620",0.493108139943797,0.491868925119283,0.489481258146273,0.489633719078458,0.491066488355695,0.488218439767964,0.488175556975167,0.487520077099941,0.488994705858903,0.486082930372476,0.487983159853266,0.48615752191602,0.482842405026439,0.479117014349479,0.479037102261052,0.476939787271112,0.47753755286947,0.476233116312292,0.476646738271957,0.476051052034179,0.474262254648791,0.473095412262843,0.474804224858756,0.47212445403312,0.468303019728547,0.445246888002564,0.420051397971103,0.396325616774054,0.370879310117043,0.348191007098263,0.321484719042669,0.299038964356858,0.277105170167789,0.255903693170667,0.229332578231327,0.205717705162962,0.180767241198489,0.157892038347952,0.131868837342418,0.108016523314348,0.0864871034131192,0.0644865813696537,0.0402855266370644,0.0199224320391262,2.8814173269609e-13,2.8814173269609e-13,2.8814173269609e-13,2.8814173269609e-13,2.8814173269609e-13,2.8814173269609e-13,2.8814173269609e-13
"96621",0.442097312055557,0.440485113625724,0.438852481324567,0.439456846569885,0.440618281366452,0.438417908128289,0.438512532973658,0.43840455246227,0.440116151778474,0.438152414015087,0.439211274260586,0.437542914087846,0.434614819476497,0.431983694466052,0.431496980962871,0.429594423869895,0.430626656258252,0.429503106526424,0.430588571492518,0.430416876287781,0.428503909903097,0.427834496955627,0.4290649816205,0.42678800811359,0.423457647227537,0.402523845245587,0.379952481952668,0.358106392806611,0.334992419108706,0.314038429116255,0.290182793374274,0.269723971980379,0.249970789064768,0.230616584583203,0.206441564607192,0.185304947482598,0.162562928391025,0.142005239824495,0.118272974240139,0.0965148292146847,0.0775564170464988,0.0578864283814903,0.0363322260494001,0.0178775272672315,1.41070488623996e-13,1.41070488623996e-13,1.41070488623996e-13,1.41070488623996e-13,1.41070488623996e-13,1.41070488623996e-13,1.41070488623996e-13
"96627",1.37914644179691,1.37179041560826,1.37610055357857,1.38718615072366,1.3943548117663,1.38875422445012,1.39406483448968,1.38880172299389,1.39009316887268,1.37705465478538,1.37757349767093,1.37302401526334,1.36618772510147,1.36488061346916,1.36694047884892,1.36724105985324,1.37827886722165,1.36447021658184,1.36675197267292,1.36578401469025,1.35873998573528,1.36198090912034,1.3600475374651,1.34939042358117,1.32885562072351,1.30803165154558,1.28904473603439,1.26365580501683,1.23662237329834,1.22408151531966,1.19668318183605,1.17963979469152,1.14834167529022,1.12685919895329,1.09365342359816,1.07097366682129,1.0399735544783,1.02799845275881,1.00014251357378,0.977511305776919,0.970305743606298,0.951571302659143,0.925536468551075,0.914475317158599,0.906291384889208,0.9040549919114,0.897820300948481,0.904134282978396,0.906151751996113,0.904264794270381,0.904964359411185
"96628",1.26559330680393,1.25882301032153,1.26248775213661,1.27219496283728,1.27687264522115,1.27158601248997,1.27513809015538,1.2693917304276,1.26948186155493,1.25500048337573,1.25507194584028,1.25025022543634,1.24493038011377,1.24098860920557,1.24392685080765,1.2422587277294,1.24995342087279,1.23860943565414,1.24153913580744,1.24006991311915,1.23437744953853,1.23687939521418,1.23399141339287,1.2242320593596,1.20501135910342,1.18428297403738,1.16773985541885,1.14323761773567,1.11607793449801,1.1046421350286,1.07811932385271,1.06100374010023,1.03125888672157,1.01133271934392,0.980019214036082,0.956955033151216,0.930176950948215,0.917613817006417,0.890200013513148,0.869216344507502,0.861511007162484,0.842865046927391,0.818543812630008,0.80684660265,0.799344107739778,0.796596770533876,0.788517358406296,0.795777567441947,0.79606084794941,0.795662026597861,0.796085372702808
"96629",0.879759202737478,0.873935780033225,0.879928900427233,0.887998733066927,0.887685650667626,0.886539388009194,0.888860677238932,0.883749890593972,0.883961187487426,0.87408784548142,0.875634719848007,0.872732063601481,0.869457064693632,0.867106127944457,0.869377070183835,0.868199148891602,0.872777341406332,0.864662576695757,0.870644477957449,0.86863320885761,0.863633548194798,0.867000979231049,0.861522821156864,0.855573138292599,0.842904015851132,0.825814149346522,0.817364225563378,0.799745370429867,0.779814554412255,0.773365842028729,0.753151772389549,0.740691801452806,0.719776450117262,0.706640478302428,0.683741117873342,0.668572826976613,0.650744994078932,0.640745335924473,0.620024836240826,0.60450902543411,0.60072425457187,0.586484727558354,0.570511448428004,0.560658085902191,0.556211022539855,0.555137055076579,0.549117840756834,0.55457347508487,0.55563413185095,0.553372105639433,0.554855072577796
"97347",1.33689344930317,1.32546934398179,1.3276575247948,1.33630669652949,1.33872291458256,1.33190265253651,1.33490012728269,1.33062856042245,1.32844603948547,1.31030340504095,1.30803962991218,1.30113394067213,1.29466454159884,1.28973665615413,1.29057514838213,1.28778667356205,1.29516965190533,1.28438754989064,1.28883245380189,1.28582311344041,1.27597642943275,1.28166812721275,1.27926938230586,1.26674478590996,1.24099344455234,1.21043430957832,1.17884532772748,1.14613670025283,1.10801951328024,1.08642089212937,1.04870898561276,1.02030281125729,0.98290282268896,0.952985018591242,0.910947275789867,0.877917922367119,0.841209535973426,0.81771614988635,0.782073135685682,0.750135447549764,0.731331431964857,0.702153185152569,0.66888238273331,0.648726650131906,0.638392131872038,0.636382002889752,0.631484649662866,0.634344110502944,0.636664250788186,0.635146115382144,0.634365747024865
"97348",1.31703399719918,1.30323375992106,1.30298479967691,1.30899529840293,1.30849085280406,1.29908943872669,1.29959630447717,1.2926466544459,1.28764303233384,1.2685145683709,1.26189407899758,1.25169530641365,1.24456942142825,1.23492337252732,1.23523544855785,1.2326372343709,1.23913690725633,1.229618877726,1.23351566280186,1.22986892471016,1.22055466197619,1.22715984316245,1.2248397174785,1.21320728955157,1.18759946846226,1.15704544682481,1.12735999511419,1.09391176168576,1.05615099285697,1.03205375401761,0.996546709900177,0.969406001864643,0.93063650394215,0.90268512746908,0.859281994432002,0.825469177154935,0.789915919546006,0.765496019378907,0.729971635946125,0.699017581154742,0.679557675020198,0.649262574714016,0.616280942313546,0.595314974049641,0.585658642408565,0.583032800245083,0.576069229620077,0.57997653025659,0.581409095236798,0.580918465466562,0.5800482992046
"97349",1.14244720907009,1.13061584015327,1.1320206796698,1.13804189677919,1.13711873730773,1.13025954827214,1.13224670286095,1.12638562762478,1.12092455902395,1.10560096738447,1.10283833047361,1.09733275691498,1.09080955840671,1.08292446559565,1.08497016572735,1.0840113141738,1.08909323122553,1.08035737170717,1.08551712745244,1.0827668786391,1.0743915495338,1.08127363744544,1.07872954390412,1.06904140070013,1.04621344333259,1.01708709397358,0.989839342117545,0.959861777077824,0.926674066665217,0.904194447758353,0.869604651672582,0.842092560673798,0.808460234880216,0.783103751011657,0.742728709461014,0.710460313607085,0.678999995056665,0.655752212825466,0.622516783235222,0.59383883262323,0.575255999135245,0.547039038549948,0.516891990790587,0.4966025191179,0.487893650451543,0.485936136357418,0.479466385092062,0.483705313909196,0.484755801440634,0.484050070765977,0.483442797780543
"98067",0.93444773561132,0.925248244503429,0.92130827423108,0.923331370910745,0.923177819169108,0.915048569297582,0.911564199906031,0.904306248382799,0.897536824970009,0.881507704078209,0.875158950349062,0.867451764311634,0.858152552272292,0.849346811192252,0.847401359850289,0.846705071136712,0.849034941619498,0.84069134816955,0.8437094354831,0.841025759412494,0.835047611003042,0.836776378380628,0.837497744907166,0.829627017161849,0.785803429997973,0.742955615674532,0.696754362517529,0.655061837864207,0.60944802671191,0.571653605396226,0.525434946118803,0.483116222609467,0.442144621632208,0.405205887293848,0.355886300835625,0.312008871195129,0.269491944285324,0.234906145984238,0.192256135419035,0.15139733509022,0.115610266217672,0.0769258236509333,0.0347054068565485,2.57488474986189e-13,2.57488474986189e-13,2.57488474986189e-13,2.57488474986189e-13,2.57488474986189e-13,2.57488474986189e-13,2.57488474986189e-13,2.57488474986189e-13
"98068",1.0851110015763,1.06565547459703,1.0517491894497,1.04479154390464,1.03425913591321,1.01478240805617,1.00016867855196,0.983598577603277,0.964161571852349,0.937546130012498,0.919827688514425,0.901820807965857,0.881856261811641,0.863016295299891,0.850334380792215,0.848490025957259,0.851387496845644,0.843846975827322,0.847193310365717,0.843976393205732,0.839736936152559,0.841589608171873,0.842526443794683,0.83523340444872,0.791499208757596,0.74856621536197,0.702547766785229,0.660705609271139,0.614954612300092,0.576896083440401,0.530526217034592,0.488049241906616,0.446511527271247,0.40971503470175,0.359563512527832,0.315744811543899,0.272222497374069,0.236808755499994,0.19382935158761,0.153491203981283,0.116320074375132,0.0773091350333131,0.035161704392683,-1.7002510510622e-13,-1.7002510510622e-13,-1.7002510510622e-13,-1.7002510510622e-13,-1.7002510510622e-13,-1.7002510510622e-13,-1.7002510510622e-13,-1.7002510510622e-13
"98069",1.0340578992189,1.01913706180624,1.01132504304776,1.00911095295269,1.0050112350089,0.991756010814719,0.983759924240801,0.974597420146715,0.962481205561531,0.944237674330783,0.936482987413987,0.92611035151433,0.914047488844066,0.903118353523359,0.90077516419613,0.900227083404609,0.904053444810979,0.89719569892836,0.903191411115025,0.902488041071922,0.900204856257329,0.903207570708363,0.905344613523055,0.899847537696976,0.853453324359183,0.808426967686014,0.760729123599452,0.71612227858211,0.668299358321018,0.627437299831468,0.576565937234768,0.531578968889167,0.486735430253629,0.446371160322215,0.390497131715278,0.341390446502764,0.294011878409799,0.255866705358197,0.208910180417892,0.164400259284774,0.123883170040376,0.0832749412150755,0.0379866828169432,-2.05319095059053e-13,-2.05319095059053e-13,-2.05319095059053e-13,-2.05319095059053e-13,-2.05319095059053e-13,-2.05319095059053e-13,-2.05319095059053e-13,-2.05319095059053e-13
"98070",0.585112168068008,0.577752661272455,0.573546080651251,0.573166141369193,0.569360641971098,0.561927930992752,0.558877694590155,0.556226761382743,0.552286364774221,0.543729036661451,0.541157227142004,0.536593905282811,0.528596128070484,0.524628884658793,0.522727675029537,0.525777739743653,0.52554688545143,0.522017445439267,0.525829363539455,0.523681292840909,0.523410270901656,0.525353058379332,0.52657431556592,0.526945420478203,0.50093248196723,0.474773628298279,0.447202495908511,0.421296745424085,0.392440106798462,0.369583587662115,0.340689839769433,0.314456043503848,0.289734261250521,0.265614169632036,0.234026617319642,0.203755545485716,0.177759197336515,0.154897652003423,0.127031529223738,0.100884587703688,0.0755839325824368,0.0509345626379422,0.0249987682336775,1.09079412169422e-15,1.09079412169422e-15,1.09079412169422e-15,1.09079412169422e-15,1.09079412169422e-15,1.09079412169422e-15,1.09079412169422e-15,1.09079412169422e-15
"98788",NA,NA,NA,NA,NA,NA,NA,NA,NA,NA,NA,NA,NA,NA,NA,NA,NA,NA,NA,NA,NA,NA,NA,NA,NA,NA,NA,NA,NA,NA,NA,NA,NA,NA,NA,NA,NA,NA,NA,NA,NA,NA,NA,NA,NA,NA,NA,NA,NA,NA,NA
"98789",0.900531852871791,0.877648845512936,0.854662482130468,0.840312547765913,0.833131178546421,0.806328955313119,0.785386031552486,0.774462187063022,0.755309907013196,0.735790732199965,0.728854321586337,0.709732406654282,0.693564192318495,0.684787838442529,0.68170792796334,0.679884211422515,0.694250591721241,0.691217174998427,0.701992461617034,0.713899896020418,0.716201215226025,0.717772700516947,0.730163128534372,0.728709030446389,0.690329715510173,0.660434673171285,0.62973110464867,0.590763780437788,0.558546425262761,0.523641972016184,0.478032029556626,0.448691821928357,0.410428435600388,0.371777694154845,0.320745033656819,0.276467070855343,0.230525094233579,0.20354464296488,0.164146893465511,0.122909938003536,0.0935004235319442,0.0657624436379729,0.0265684026060714,5.02348163067268e-13,5.02348163067268e-13,5.02348163067268e-13,5.02348163067268e-13,5.02348163067268e-13,5.02348163067268e-13,5.02348163067268e-13,5.02348163067268e-13
"98790",0.719348413392436,0.708042981071478,0.697814509697783,0.693597771138548,0.688551594787563,0.674287746304314,0.665902935612733,0.660700091941306,0.652158081400459,0.639411625086675,0.636115416379334,0.628440510410588,0.616596152878822,0.611115802515527,0.609434852331891,0.609600468607501,0.614116640282091,0.610410925382245,0.614247802474087,0.617544573355125,0.618761150277059,0.620378198618217,0.624563917938194,0.623536001195747,0.593176087078329,0.563843240587243,0.533152343770858,0.501900545007248,0.470394082083906,0.442485329133368,0.406563451243879,0.377735133001684,0.347778328982311,0.317462168571776,0.277468034873867,0.242310864815911,0.206838344056893,0.180506960002701,0.149004764206552,0.115243127440009,0.0863775007798664,0.058288344109818,0.0269834063901236,2.38409292308006e-13,2.38409292308006e-13,2.38409292308006e-13,2.38409292308006e-13,2.38409292308006e-13,2.38409292308006e-13,2.38409292308006e-13,2.38409292308006e-13
"99508",NA,NA,NA,NA,NA,NA,NA,NA,NA,NA,NA,NA,NA,NA,NA,NA,NA,NA,NA,NA,NA,NA,NA,NA,NA,NA,NA,NA,NA,NA,NA,NA,NA,NA,NA,NA,NA,NA,NA,NA,NA,NA,NA,NA,NA,NA,NA,NA,NA,NA,NA
"99509",0.593466225910379,0.57442094210385,0.555209008405332,0.541439281684517,0.535044138044765,0.514044961548193,0.496084395607614,0.485985088969719,0.470665204815061,0.455899736691711,0.449227447562807,0.434392402957469,0.421910520543344,0.415776723028455,0.412206958435494,0.409961688183233,0.422269549019094,0.421524454404935,0.429866590616415,0.440722334896418,0.443050365879972,0.444518188031586,0.454238098415475,0.454581753842866,0.430912476086864,0.413499185060506,0.396163280834625,0.372674123504764,0.353705031234266,0.331918701044462,0.303035180032521,0.284891365727002,0.261518882047436,0.236071470709396,0.202826800505515,0.172891740364708,0.141783279603773,0.125189293884967,0.100812993987748,0.0735768133653528,0.0560816093640681,0.0399631866824983,0.0155381707541811,-1.23090426740191e-13,-1.23090426740191e-13,-1.23090426740191e-13,-1.23090426740191e-13,-1.23090426740191e-13,-1.23090426740191e-13,-1.23090426740191e-13,-1.23090426740191e-13
"99510",0.450720250568702,0.442072787840533,0.434459530555715,0.430149809896745,0.427443554340568,0.417677542006836,0.41089310268141,0.405335638049523,0.399891654575412,0.391524761652775,0.38818470016705,0.383111446560475,0.375345080967635,0.37251912293818,0.370747332030171,0.369859288693749,0.374454064865919,0.372504717519678,0.37571829907989,0.377896738448522,0.379194217939677,0.380834295841957,0.383768404586697,0.383959133582449,0.364661258654279,0.347274596054756,0.328559095273615,0.310585324395984,0.291243785346474,0.274101062391031,0.252336761944978,0.233701686926497,0.215968096551148,0.19693137294287,0.171622489298783,0.149649794661219,0.126835451876056,0.110359601915309,0.0905817181312148,0.0701981340789015,0.0525409159164591,0.035280702734585,0.016348213848021,2.32933117239043e-13,2.32933117239043e-13,2.32933117239043e-13,2.32933117239043e-13,2.32933117239043e-13,2.32933117239043e-13,2.32933117239043e-13,2.32933117239043e-13
"102378",1.02469834068761,1.02727700810611,1.02239192888904,1.02060732474539,1.02225667800551,1.0161765736486,1.01373957175918,1.00608338476793,1.0035053168002,0.99090895574318,0.987186571968976,0.979350810724992,0.970431524409992,0.963655780181062,0.963664731971361,0.96072627117245,0.963573578198959,0.961203607002524,0.957728114315376,0.95395453886742,0.946528699785983,0.940251451207028,0.941894316269932,0.934197463274775,0.927351452427065,0.917205361110235,0.866729606735901,0.821101992672668,0.77011761993933,0.724228449803085,0.674685327530945,0.633192469392772,0.590200674361996,0.545414408517817,0.49106149365609,0.441539046372682,0.390575521793346,0.346081687805427,0.296930866639329,0.25110183403974,0.209383786447398,0.166515603243532,0.118499268199237,0.078908425317626,0.0377607108204677,1.99734673245189e-13,1.99734673245189e-13,1.99734673245189e-13,1.99734673245189e-13,1.99734673245189e-13,1.99734673245189e-13
"102379",0.476918533400021,0.477015269930593,0.474707476857687,0.473895627702464,0.474930092087953,0.47108110931656,0.469941072738646,0.467125740776615,0.465693189718377,0.45894695578928,0.456751431866467,0.45217965583151,0.448399101672139,0.445235658076845,0.445164074579709,0.443095816439856,0.444429345732443,0.44290700232795,0.442311303836422,0.44015748340923,0.437377348603889,0.434649510252045,0.434766322640483,0.431417803310416,0.427520404965364,0.423708493944538,0.40044231868967,0.378930880808309,0.35569787432283,0.335107373078243,0.311676331469876,0.292776669886958,0.273058549279588,0.252449082009368,0.226998266976395,0.204465782716727,0.180538093828966,0.160081383617224,0.13698015075331,0.115940348546667,0.0964676094203938,0.0767432769851307,0.0549823058865402,0.0365984948662742,0.0176151296793922,-3.47036288594893e-13,-3.47036288594893e-13,-3.47036288594893e-13,-3.47036288594893e-13,-3.47036288594893e-13,-3.47036288594893e-13
