"","X2000","X2001","X2002","X2003","X2004","X2005","X2006","X2007","X2008","X2009","X2010","X2011","X2012","X2013","X2014","X2015","X2016","X2017","X2018","X2019","X2020","X2021","X2022","X2023","X2024","X2025","X2026","X2027","X2028","X2029","X2030","X2031","X2032","X2033","X2034","X2035","X2036","X2037","X2038","X2039","X2040","X2041","X2042","X2043","X2044","X2045","X2046","X2047","X2048","X2049","X2050"
"87254",0.0985699556018517,0.0980438305727292,0.0992718414194234,0.0981293936550972,0.0973314934890804,0.100596867106516,0.102513520501042,0.106236905327552,0.109279448887766,0.115264394318176,0.117431566023095,0.121207834487994,0.122120182093307,0.120283953709461,0.118961868730358,0.116468241783806,0.111747188008265,0.109841396173104,0.107748646788259,0.107324918938907,0.106631215485823,0.103337786891897,0.100992099253592,0.0991988857083203,0.0956892802877719,0.0908877165912164,0.087463126560989,0.0828886978603278,0.0768529925863659,0.0697689716890275,0.067043008704295,0.0629198619871277,0.0632740468355102,0.0629538007233429,0.0626273092962348,0.0616922650237743,0.0618796025043912,0.0618797464525804,0.0617181920034009,0.0583387182434257,0.0547772698993111,0.0518761715664085,0.0490267203420007,0.0462622207466262,0.0434807061735644,0.0407352499062535,0.0379573265458291,0.0346002250228065,0.0316970856732962,0.0289247050202617,0.0261944878752407
"87255",0.16396524773736,0.164865734205162,0.166218096935409,0.165210076781747,0.165180453387694,0.168250234393622,0.172453682537705,0.177192623252285,0.180394333128994,0.185849604276196,0.188491034261974,0.193168499314712,0.195381062355158,0.194295516624504,0.194135084227175,0.191603061646496,0.187193497714841,0.184854696528021,0.183102945005923,0.181722675397446,0.18052605644423,0.176923975846011,0.175115138175099,0.173949825304458,0.170654981646296,0.166243103694983,0.161377947864324,0.156041412087365,0.150209695773969,0.143675281844193,0.140408687658355,0.135532385947271,0.135128527693207,0.134262033373491,0.133641884537554,0.133125818901541,0.13267824503788,0.132631928144759,0.13230641562079,0.131536161396163,0.130523090087675,0.129469559536202,0.128165144651129,0.126904128041651,0.125320101189084,0.123768215684788,0.121944731896817,0.120098732120443,0.118135704836084,0.116141615829821,0.115308131145572
"87256",0.202772205782094,0.205152560201302,0.207634392136146,0.208915405106118,0.209513208805701,0.210821356095231,0.212811076135321,0.214822818181616,0.216878316050761,0.219849321095035,0.222352939303014,0.224741064838692,0.226638159369203,0.227235959090368,0.227307328334373,0.226975554449227,0.22552759278349,0.224008628982572,0.222369856824117,0.220953682460013,0.219573516564489,0.217734118583951,0.216104517164644,0.215151492059498,0.214029194371519,0.212316187471079,0.210153003888799,0.207948756302383,0.205555250450316,0.202325998843019,0.199836134331658,0.197777554471746,0.196569546001873,0.196180184096154,0.196219101573996,0.196278830264211,0.19637945082254,0.196689342844395,0.196499154019012,0.196194164899491,0.195825214980213,0.19553599527436,0.19476251966723,0.193884793442039,0.192814996587999,0.191839874930868,0.190756578146752,0.18927035675798,0.187587988509573,0.18594656770626,0.184424027132034
"87974",0.101797414740577,0.10220637511232,0.103096633025477,0.103487521473708,0.103434033586415,0.104180668209489,0.105248328150326,0.106671695013819,0.108380883144022,0.110732257472367,0.112705137974258,0.114535128421831,0.116040048614419,0.116415284980508,0.116230987704546,0.115620047865597,0.11398005431713,0.112317470421938,0.110805986405439,0.109737585001651,0.108861430833209,0.107599324107542,0.106233957400045,0.105168037329896,0.103917381428895,0.102112670208082,0.100262613180447,0.0981814916159049,0.0956230865332397,0.0924855557873149,0.0899682637329117,0.0878554465583321,0.0864424373395501,0.0856555179585954,0.0851795057872315,0.0846600473644451,0.0842917883332343,0.0841871648032254,0.0839444995450966,0.0829360779746098,0.0815797274837412,0.0802468863285045,0.0787788470074855,0.0773465594058866,0.0758084564799,0.0716794700577678,0.067513070595784,0.0632767175885926,0.0590579721291007,0.0548963637978312,0.0507997300436512
"87975",0.213301188153855,0.215641744123156,0.218104610257488,0.219763569668,0.220868900225646,0.22198363505417,0.223769148096354,0.225805341156405,0.227916220544845,0.230342695131864,0.232822068206014,0.235334415388238,0.237688072495836,0.238828336169198,0.239361451286329,0.239197313879759,0.237629836820586,0.235494921458678,0.233658983380703,0.231944353445765,0.230272000843955,0.228508426540316,0.226988480379411,0.225913584926606,0.224776656762135,0.223311167402492,0.221378673601249,0.21900161824624,0.21655538145407,0.213619447939768,0.21068656558906,0.208186970341635,0.205975539796759,0.204531794448078,0.203677650915068,0.203023510175253,0.202330170977593,0.202278712319471,0.201785386394668,0.201213674949303,0.200443107347028,0.199585053470449,0.198167103104596,0.196825853091135,0.194991482881457,0.192848800726827,0.190242510713225,0.187779833780947,0.185009576379299,0.182201397418475,0.179403254737571
"87976",0.257275393653254,0.260925584473097,0.26445235647301,0.266823454481136,0.26823438740803,0.269607034656649,0.27124529395566,0.272594948340468,0.274169414036345,0.276416795327639,0.278620556003152,0.280610908911982,0.282354259585484,0.28319879894525,0.283470609895415,0.283534927528736,0.28266072978212,0.281358597143615,0.279715226785851,0.278151085857957,0.276595769266357,0.27485973636073,0.273321518186438,0.272397471342448,0.271692879371802,0.270720166322782,0.26946593792737,0.26824610066856,0.266972117699928,0.264962046005892,0.263103690066252,0.26182177170664,0.26078066054388,0.260357286568194,0.260564094535455,0.260834895964476,0.261038631965859,0.261490039596691,0.261282451574252,0.260961604169687,0.260511725358246,0.260181377771202,0.259318550994326,0.258362085162521,0.256981537751686,0.255702054182311,0.254232971289579,0.25234392452892,0.250185860454683,0.248116423137954,0.245946740233241
"87977",0.291193965822458,0.296157305901547,0.300846110932059,0.304264918815483,0.306779778926425,0.308777549614738,0.310608205009477,0.312042667419844,0.313515454274892,0.315684420859364,0.317676043741862,0.319446123675345,0.320957921645954,0.32173553166787,0.322106258946332,0.322556591908192,0.322175636974336,0.321459089173918,0.320413700115791,0.319387351802832,0.318000384024475,0.316482109690968,0.315341247686745,0.315036509317684,0.314824161966636,0.314508620178439,0.313982871687682,0.313730789372201,0.313544092951296,0.31247261209145,0.31170775348328,0.311485302399581,0.311268438038534,0.311626731187625,0.31221743403674,0.312630869841799,0.313028357729915,0.313650701678929,0.313242537052442,0.312722629702734,0.312440691637592,0.312416275539402,0.311468890535513,0.310201235424561,0.308833422487982,0.307769052430551,0.306675735920994,0.305050724643849,0.303177998925568,0.3013283865424,0.299289712691891
"88695",0.210106719048054,0.213183633679078,0.216069408454594,0.218025876546321,0.21924301309489,0.220357778676737,0.221554690008487,0.222506733760939,0.223632896862495,0.225322475458848,0.226927564612376,0.228415883842972,0.229736347633084,0.230407120500051,0.230644774058679,0.230709440795095,0.230033443296976,0.228983391566471,0.227606756357902,0.226303673518309,0.224962002685894,0.223496837248167,0.222248508422369,0.221493224079595,0.220882820384004,0.22009641837574,0.219144140463438,0.218275176070711,0.217330273215739,0.215780745097653,0.214385703344988,0.213376276685235,0.212533735571663,0.21210396903289,0.212136810824321,0.212244295458922,0.21234700482185,0.212640212299225,0.212413395146628,0.212107191570572,0.21171908309835,0.211415364157739,0.210635502391499,0.20977455792084,0.208629382818782,0.207512124931917,0.206184063683396,0.204448090592359,0.202527134890243,0.200662289723311,0.198717817873708
"88696",0.288449120151199,0.293015577290765,0.297337617856817,0.300460604774608,0.30257380875859,0.304232306705522,0.305839069868665,0.30695021922731,0.308193121665248,0.309999766206567,0.311850528772699,0.313548689686293,0.315058591227,0.315849732788295,0.316197015509191,0.316429697529181,0.315863789706477,0.314838793997414,0.313425374394449,0.311950131117307,0.310374686402201,0.308720842120201,0.307383506608744,0.30664187914395,0.306213515353654,0.305736266616712,0.305125896001701,0.304628023069915,0.304201446687075,0.303114989665396,0.301999140557717,0.301390264136194,0.300751819088782,0.300489173011568,0.300805604567594,0.301169917542759,0.301400364452429,0.301888215037562,0.301549393601053,0.301094368110279,0.300525754568541,0.300084833283085,0.299029314693045,0.297894266730722,0.296251155585112,0.294759487761147,0.293066802843579,0.290980713737398,0.28858025790515,0.286279862572228,0.283822325097262
"88697",0.372570171600819,0.378999731218041,0.385183196636657,0.389612594062496,0.392771439811048,0.395512557926051,0.398089380587831,0.399727041231692,0.401437783923164,0.403931736820626,0.406326119354071,0.408439663328268,0.410163884314032,0.410964012938901,0.411403230225263,0.412009344720595,0.411675109044229,0.411023533468179,0.40976915048309,0.408361921053263,0.406769243076681,0.405007628744031,0.403664181258095,0.403247873657365,0.403168219333792,0.403063852350241,0.402797407355906,0.402813786694032,0.403012450727488,0.402300412755764,0.40173826604869,0.401785733152231,0.401710703589313,0.401974092780353,0.402771769309326,0.403327037866889,0.403612417930676,0.404120467422335,0.403453336113351,0.402555186858721,0.401586838966929,0.400855382613455,0.399322565801111,0.397554647471034,0.395197155542747,0.393108650154971,0.390931945584012,0.388181252602448,0.385077454145116,0.382200909969861,0.379048693473856
"88698",0.416052586838487,0.423474947284239,0.430614412276192,0.436167204049312,0.440340339059244,0.44373492295333,0.446875948239496,0.449078422997188,0.451216097693811,0.454003517781886,0.456781135956434,0.459217096100392,0.46118434282533,0.462111315157101,0.462593008670329,0.463128769332607,0.462759235175324,0.461855144477283,0.460580591393037,0.459171955220966,0.457384782860944,0.455496101119053,0.454263876207608,0.45389366485319,0.453963641703893,0.453968025694017,0.45387322203045,0.453954027867921,0.454252896860068,0.45372905405803,0.453074217188038,0.453008439825388,0.452711400546246,0.452968857535372,0.453210244811344,0.453163482705749,0.452791830292706,0.452882443741022,0.451235606318641,0.44944194348033,0.447951313758089,0.446877637401902,0.444258726701104,0.441416190252026,0.438163680357016,0.435437633931965,0.432596151755265,0.429512124838596,0.426004033331401,0.422505039435972,0.419186301644305
"89411",0.614827146263997,0.622954863679106,0.631721392151177,0.629310769836675,0.631207446481988,0.648736744377237,0.654677587284773,0.667636339680951,0.674196956255545,0.691820962701209,0.69792348151394,0.71198840638052,0.71713826236481,0.712050133558121,0.712401238819744,0.703084094002966,0.688713112682446,0.682555006706323,0.679846530822457,0.675831945783403,0.673691194927496,0.661736115996571,0.655674257166963,0.653149237409951,0.64280764656184,0.626500921541516,0.622296669445683,0.609484355866812,0.595251200989374,0.576368637018476,0.570217624253514,0.557010884639576,0.559758099720829,0.556457413164863,0.554350870854386,0.552981183040119,0.550461921078712,0.547692677593542,0.542279455305747,0.538141010438645,0.532719682788613,0.526547734809869,0.520692650565688,0.515162719993644,0.508094449329837,0.503503498472669,0.498006163984535,0.492150963951793,0.486007745146562,0.481946035165094,0.483483112091784
"89412",0.426900097994076,0.432706285774628,0.43998649572374,0.442827478629466,0.440892859441828,0.452114915084673,0.456191112930272,0.460264880840802,0.463060140899377,0.469546704815901,0.473210113637469,0.477767000184107,0.481057713034103,0.482476439768108,0.483319133833015,0.477797220255518,0.473655812695713,0.470526105164187,0.468573742265593,0.465764737578329,0.464502915514939,0.461804380931965,0.457598108452797,0.456209853562127,0.4540999596947,0.444894703764917,0.441504617145055,0.438034286480755,0.434725543199329,0.428130250847449,0.424876575991552,0.42122416166265,0.419001126524338,0.415834019844131,0.414537690392846,0.413190706465667,0.411050476918865,0.408700508234569,0.404607974958138,0.401354486113006,0.397160683359676,0.392056310435495,0.388034372513015,0.384184358376157,0.379274501948626,0.375522320401972,0.372438696306031,0.368278404239993,0.363556140724577,0.360836464379501,0.357878937278348
"89415",0.15037162784065,0.152893457671811,0.15524357948413,0.156889085906113,0.158042784959879,0.159035573105852,0.15998305272854,0.160623723069657,0.161342175860663,0.162428590152888,0.163452905373225,0.164371258512746,0.165142805319392,0.165532527713353,0.165734096436891,0.165939467971637,0.165690077441837,0.165240831107972,0.164527026470302,0.163801166037867,0.162952897299694,0.162050106953207,0.161348431642028,0.16103188539901,0.160810458890395,0.160526647283938,0.16015277411245,0.15989282510691,0.159650982965193,0.159007620139146,0.15845191883991,0.158125541696668,0.157819972175531,0.15776946732297,0.157900777773001,0.158010788605191,0.15811625784996,0.158363114896124,0.15813929317697,0.157874426482636,0.157649122838228,0.157505815808302,0.156936803316926,0.156275083318394,0.155476810115149,0.154775968222343,0.153988261586987,0.15292944320732,0.151723265978269,0.150530670803284,0.149260669284503
"89416",0.275722371188022,0.280291830671907,0.284641489243163,0.287883847698984,0.290185727659659,0.291944904524812,0.293543234209036,0.294596713223031,0.295675200495642,0.297198843837323,0.298764209501815,0.300201983535506,0.30146627318313,0.302109461028176,0.30241563575618,0.302675391615028,0.302284383110054,0.301508229609739,0.300413163752468,0.299197699022316,0.297843766261502,0.296433287704012,0.295370723495425,0.294853913132069,0.294643679623255,0.294455936950681,0.294215742624653,0.294109429604609,0.294138224952398,0.293597727271176,0.292990656061155,0.292822214844327,0.292507646309457,0.292403847427983,0.292736185011468,0.293053314823212,0.29318574677283,0.293542951479502,0.293035012396102,0.292400080759992,0.291676407459553,0.291081267791782,0.289859318188297,0.288565700707325,0.286781665794883,0.285169564810842,0.28338434829398,0.281279112670357,0.278868929953152,0.276577929452759,0.274163376310978
"89417",0.405395092348044,0.412387774385469,0.419162302583161,0.424219300615931,0.427875469620378,0.430927421540572,0.43378137069551,0.435711365321105,0.437615623649986,0.440236148981196,0.442795639487654,0.445039378731699,0.446886882923627,0.447782034275802,0.448242678536489,0.448842094486938,0.44850629476638,0.447761433611632,0.446493261420868,0.445025960596563,0.443371196184703,0.441607770430181,0.440325082668049,0.439938677723187,0.439937260249253,0.439950475622075,0.439840973569697,0.43997400862674,0.440339469674363,0.439752169534964,0.439214645118647,0.439321888470025,0.439124027393698,0.43914963356484,0.439618534133551,0.439853910129418,0.43972920856816,0.439831980986808,0.438548199008477,0.437061729376188,0.435510360568624,0.434146644798336,0.431795359975447,0.429293392388052,0.426160793833506,0.423293753760825,0.420296517161358,0.416782123622528,0.412868294620742,0.409261897587347,0.405512664930076
"89418",0.532129121413891,0.541613609199652,0.550981240933798,0.557818890253734,0.562744347296945,0.567352238400626,0.571815733625734,0.574940857804429,0.578059467193109,0.582402396194318,0.586394244520945,0.589694889203355,0.592286786017522,0.593535592914111,0.594265182667465,0.59545588448307,0.595247759650792,0.594716381564614,0.593304439907554,0.591645564491392,0.589924907191836,0.587945331994619,0.586431475354034,0.586324844750052,0.586587560785835,0.586814225433239,0.58668015408847,0.586876955789535,0.587370125632988,0.586261719760268,0.585530683273005,0.585625775507816,0.585088126503718,0.584807376405817,0.584861555641657,0.584276252258911,0.583219863463597,0.582353754083441,0.579582127332747,0.5765935639747,0.573615369218927,0.570833572468619,0.566695553732923,0.562288833299645,0.55721416054084,0.552469980769752,0.547786121668831,0.542225432112325,0.536281572559458,0.531018858913919,0.525591158981288
"89419",0.63091150588516,0.642633630057266,0.65391061535263,0.661967874716062,0.6685030784266,0.674464780413511,0.680280912011757,0.684629250187225,0.689160267861342,0.695095506406217,0.700168028492712,0.704510020854086,0.708120835211545,0.709835218965965,0.71107303337197,0.712679261140638,0.712718324467075,0.712063046669191,0.710205615444351,0.709250957756116,0.707700508117899,0.705322663904546,0.703709659697164,0.703901249706038,0.704500317987163,0.704459698111339,0.703776317318723,0.703945796786891,0.703668394852644,0.701719798605549,0.700468139040902,0.699179849903048,0.697041697903498,0.694961504241418,0.6930391688453,0.690201711121838,0.686875820870697,0.684024307155738,0.679571809164775,0.674685751070795,0.669478184024031,0.664819277512801,0.658733714657937,0.651759791513305,0.643881996259555,0.636772372461606,0.629398654408984,0.621123572762979,0.613289898811185,0.606040472680963,0.598372191488152
"90130",2.22598488389631,2.2596547594586,2.30498166931458,2.34033845750449,2.36533909938237,2.38434931370006,2.41240777062344,2.43306824989228,2.453124749876,2.4724916845549,2.49348672593229,2.51614674848762,2.54222737530884,2.55000743324244,2.56255640001701,2.56759967511397,2.57111846887346,2.56999146614095,2.56653182668378,2.57007915176425,2.56114487872792,2.55502796071783,2.55103241743771,2.54926346148828,2.55031393252821,2.55106007862852,2.5428322348273,2.5367033261413,2.5308912152554,2.52313826530259,2.51024829014179,2.49876191692502,2.49336629984646,2.48675516411153,2.47925505617081,2.465519073373,2.44920769775215,2.43370896959209,2.41134011503476,2.38431005432605,2.3582907756249,2.33894602589652,2.31254673147784,2.28749429477796,2.26327807510203,2.23496927618902,2.2172221150214,2.19725384534417,2.17533542347828,2.15277656294759,2.13901683929182
"90131",1.08734791224633,1.10604283334657,1.12271241954205,1.13249355789241,1.14181012718992,1.15735860923947,1.16313451350833,1.17022203584751,1.17449873235798,1.18688474570063,1.19495119341278,1.20221216279657,1.2076845828647,1.21750980212379,1.21623261506495,1.21913421984794,1.21310410726979,1.20448050060267,1.20238927246328,1.19224946990777,1.1930279381908,1.18799547457923,1.17614369216677,1.17351162965941,1.17152657079198,1.16297208327425,1.16182493298711,1.15506054080557,1.15124611902981,1.13915917060951,1.132228099543,1.12758064082201,1.11697518284131,1.10945627816631,1.10678355189821,1.1044535797338,1.09802216577615,1.09232872147596,1.08022954736741,1.07181616245226,1.05898672125128,1.0440068286141,1.03516317648569,1.02447264073095,1.00884804616784,1.00222011728062,0.988838569877985,0.978310231085074,0.964429401571091,0.957818029517234,0.946457500431299
"90132",0.905122409259638,0.917790408742851,0.930476965591203,0.939263081119775,0.945098986700587,0.954360244419229,0.958426311586363,0.962078264001554,0.963676722431748,0.969057321636318,0.975107999524521,0.978741999189546,0.982390528690966,0.989103773618426,0.988147126096666,0.989434311792553,0.986946411100684,0.978238094731234,0.977103036967663,0.96862118606217,0.967962500698738,0.963354568626436,0.951021396009241,0.949182475083616,0.946436735064867,0.937913769446832,0.933930356115103,0.92990967839677,0.928231002025679,0.920148085022156,0.914159678633279,0.910278793505724,0.902766348312104,0.897457268469591,0.894725098415217,0.891013964212497,0.883590202012204,0.87843402344739,0.86910150034839,0.86143999262749,0.850871874913964,0.841239633945311,0.835608262416029,0.827220139341294,0.815796786105716,0.811818159287396,0.803376326388034,0.795218200448736,0.78646193107563,0.78171754276332,0.774594121657103
"90136",0.205939634686365,0.209647081819352,0.213166565854559,0.215741565061275,0.217664218721023,0.219346793348379,0.220903796964536,0.221950419171567,0.222995387228308,0.224456469535208,0.225792023942977,0.226953699139091,0.227866687040243,0.228289731209052,0.228535411055652,0.22891935095399,0.228779367919978,0.228474876268738,0.227841093640704,0.227152547906661,0.226261745467548,0.225301387825923,0.22464453978319,0.224531358551195,0.224522860570507,0.224471531417221,0.224333308123534,0.224392074279855,0.224542750973628,0.224170474920208,0.223942713633759,0.223993395262,0.22395165907024,0.224128725453606,0.224391666250492,0.224504216292833,0.224519566879298,0.224660707076152,0.224043948759405,0.223340988334387,0.222729773833847,0.22223457445448,0.221094040756561,0.219813361146632,0.2183799670369,0.217112612825832,0.215803961870969,0.214172682274412,0.212364666468914,0.210638323381369,0.208844927905439
"90137",0.403356082508981,0.410270405276509,0.416986332918322,0.422107481729202,0.425825916071037,0.428961604895806,0.431908204117624,0.434013254445561,0.436035912990864,0.438692535729818,0.441290633652692,0.443543347573442,0.445418419395704,0.446399341333562,0.446873311501719,0.447524329906452,0.447203924510417,0.44645586051569,0.445118322419796,0.443639648599869,0.442097824853247,0.440433495227451,0.43922791341524,0.438865834159216,0.438860139134872,0.438885640183527,0.438771331957154,0.438847497336688,0.439168097690617,0.43847919238219,0.437862872955708,0.437829751456715,0.437327380329358,0.437008213580918,0.437125558935986,0.437021591869521,0.436510778039027,0.436161533155351,0.434415331365325,0.432514294010832,0.430525083817919,0.428645365978941,0.425724385860435,0.422714923278845,0.419102520301838,0.415737468017131,0.412260326601504,0.408268415769654,0.403934936002992,0.400062561373952,0.396088458349145
"90138",0.595534891622083,0.60614234680171,0.61653393338143,0.624223234987299,0.629868865290224,0.635202436483915,0.640325204657858,0.644161347556628,0.647998562486459,0.653102202887489,0.657701314414929,0.661484260999254,0.664531363901469,0.666087811978185,0.667014865307318,0.668469220125751,0.668079108683173,0.667311443342912,0.66541171485007,0.663474720400548,0.661609202183181,0.659337766225268,0.657612549038312,0.657409968192235,0.657515642919838,0.657555199792576,0.657137342915663,0.656962908981493,0.656983704117992,0.655188322392534,0.653808133031706,0.653054511585571,0.651351027488033,0.649992348669999,0.648998675256114,0.647377338021302,0.645329514236782,0.643407700164107,0.639400870515851,0.635186859119984,0.630887235612297,0.626727377518192,0.620923413755087,0.614936594949517,0.608326013440263,0.602061577899221,0.595871296412168,0.588774976744328,0.581495391925095,0.57510874316235,0.568661209500304
"90139",0.738234299093165,0.75215237199747,0.765195712759462,0.774496941768926,0.782348809235548,0.789498807402657,0.796259224272617,0.802271144434701,0.808398130397462,0.815920180602507,0.822021027300518,0.827206213957328,0.831671889190012,0.833849846113375,0.83556668655101,0.837640306759715,0.836697698860897,0.835282643968106,0.832852710653155,0.831950264172257,0.830233917605045,0.827165550097534,0.825040070122631,0.825052525197016,0.825295133224694,0.824818616547207,0.823566452788679,0.822651030445017,0.820939528826666,0.817576436398987,0.814193924923627,0.809819836340303,0.804076367370093,0.798390798649721,0.793206943381626,0.786954128149665,0.781049212282695,0.775248825343124,0.767804951449167,0.75945876934515,0.750355645025009,0.741951266202666,0.732024823701451,0.721089499837688,0.709238876550137,0.698240091581456,0.686926115016841,0.675197294342652,0.664469381086383,0.6542858637911,0.644509416202726
"90140",0.825574053721357,0.84058872876512,0.854282284050471,0.865157303876656,0.873758148104821,0.880489828600194,0.886831335723838,0.897384845829058,0.906074616877379,0.914411380024224,0.921410801939213,0.927185045793263,0.93245443251719,0.935654069780284,0.937507656436384,0.939085295845593,0.932595942532495,0.926952641165444,0.927213200660382,0.925929961734748,0.924143057611988,0.920842444825554,0.917901536596959,0.916509271423888,0.915887811714084,0.915057275860962,0.913822730909176,0.907496929496001,0.902625319270492,0.897494364110506,0.882524067877271,0.865572853887837,0.846599283610591,0.82745222944534,0.809064414081453,0.79031133540027,0.776418772025428,0.761116494079904,0.742584836485746,0.722686303966516,0.701447767087018,0.681060338313963,0.659221841331541,0.63659940918062,0.613069012945131,0.590460206926934,0.567226361088596,0.549367707734198,0.530373626333457,0.510612069783572,0.500437878327437
"90141",NA,NA,NA,NA,NA,NA,NA,NA,NA,NA,NA,NA,NA,NA,NA,NA,NA,NA,NA,NA,NA,NA,NA,NA,NA,NA,NA,NA,NA,NA,NA,NA,NA,NA,NA,NA,NA,NA,NA,NA,NA,NA,NA,NA,NA,NA,NA,NA,NA,NA,NA
"90850",2.24494878629121,2.28631669815314,2.32864141586982,2.36090501057453,2.38702825506316,2.41053352539057,2.43084960663467,2.450080132434,2.46871327866307,2.49170303967654,2.51079174828651,2.53314404793585,2.55063561572773,2.56316352216644,2.57000496231742,2.58284888263097,2.58426833856404,2.58107776560838,2.5761966842958,2.57703334501539,2.57417270385511,2.56320852073455,2.55832300554903,2.55423380969244,2.55370371129345,2.55400923285462,2.54866776193703,2.54125884686378,2.53606782676042,2.52550072669591,2.51655705919008,2.50515057446537,2.49542069132255,2.48490293081281,2.47680063674731,2.46345115512688,2.44609057683518,2.4302570823398,2.40681667772741,2.38242901796283,2.35626953290267,2.33694391793453,2.31136637040494,2.29106512249939,2.2659355269011,2.24217981432172,2.22167767207633,2.20113838989512,2.17989999135251,2.16382462739945,2.14532985073003
"90851",2.32227929717192,2.37068004514879,2.40980777916455,2.44294257762669,2.4726713389126,2.49687789214068,2.51606654363153,2.53932550387076,2.5654395317455,2.58715902128992,2.61056776676117,2.6313984765301,2.65253838739448,2.66366532992035,2.67990478217355,2.68260029538098,2.68184146823525,2.69214870469763,2.68428923224644,2.68349484664621,2.67090318774409,2.65359186119142,2.65043081110806,2.652587630247,2.63628709375757,2.62685314435929,2.6143442115986,2.60627938841828,2.5900326101614,2.5775169095457,2.56267588563636,2.54277950791153,2.53355283293844,2.51927112771992,2.50756405356982,2.490731081949,2.47021671814415,2.44556150198962,2.4247589458517,2.39312091465196,2.37115761105204,2.35064571936399,2.32508326406967,2.30062383706588,2.28963787539787,2.26532662176642,2.24414856703769,2.22124684910516,2.20721117845164,2.18198741006126,2.16776378705215
"90852",2.46603243508143,2.50838620723965,2.54606147911659,2.58821531608592,2.62483536586276,2.63933517447438,2.67778493131097,2.6975027332108,2.72980609054344,2.75184439000945,2.77295409501085,2.79916301921501,2.82210649741089,2.82888661326691,2.83625939899209,2.84779512749967,2.84779733631451,2.85161223354261,2.84298603302376,2.84999526423649,2.82759683676272,2.81020130202305,2.81986270451851,2.80374718024445,2.79841096970011,2.79368708541708,2.77703550843632,2.76899777748444,2.74911977642478,2.74539524480826,2.72574198942181,2.70941584032021,2.70150482784836,2.69324298086561,2.67750057603452,2.65022005755675,2.63064472145838,2.612108929224,2.58518918500925,2.55129826854559,2.52629961143913,2.51232530235018,2.48390954516436,2.4672821228301,2.44629782640665,2.42429159020321,2.40440468551805,2.38503237346514,2.36934560453794,2.34675371018776,2.33410362169661
"90853",1.89005437049491,1.93012722857683,1.97291954927965,1.99799022384507,2.01167699295293,2.03793071836341,2.05524398150063,2.07010967044357,2.07829972426575,2.10101475227469,2.11888386215261,2.13152111727012,2.14059975956226,2.15069904643617,2.14789616762809,2.15302873848314,2.15300633662107,2.15071334885338,2.14946360120003,2.13630975827447,2.13274541874885,2.12423398464683,2.10257106531523,2.09662125434871,2.09447323751379,2.08418975535335,2.07705430428475,2.06822879214247,2.06821528389118,2.05181485117919,2.04162545749832,2.04004021123992,2.02910779274356,2.01947260984733,2.01513302513343,2.00763193622902,1.99471576962664,1.97959110685726,1.95800026408654,1.94198104349605,1.92350942821887,1.90845459359108,1.8995339235114,1.88789342446618,1.8733181842775,1.86509539026786,1.85701962434943,1.84519525229942,1.82813278342457,1.82170003242737,1.81238551462552
"90854",1.89550399605359,1.93142655770827,1.96962290574988,1.99467335286051,2.00963735843448,2.03073059460382,2.04968510935518,2.06486301490116,2.07486796883678,2.09491998387619,2.1119632862243,2.12512693072714,2.13464746956758,2.14164248209471,2.14050875006096,2.1469587949704,2.14586466312047,2.1464594145303,2.14217354299248,2.13228914636828,2.12595572339654,2.11824066810584,2.10201525984071,2.09705732042903,2.09461019261133,2.08679662777826,2.07887760068884,2.07384633187242,2.07292944234693,2.05910870839503,2.05147258581869,2.05127871725178,2.04516229683548,2.03733530079259,2.03362470205418,2.02471648780887,2.01435984654256,2.00005096627816,1.98315664143674,1.96795682765539,1.95237991999411,1.94200814691391,1.93291922529011,1.92092399520716,1.90970395636636,1.89951225353286,1.89353281118459,1.88118652056193,1.86764287836945,1.8615762863442,1.85414792890217
"90855",1.6855246035142,1.70483951580547,1.72518106427105,1.7501865604906,1.76903505170489,1.77653755734948,1.78533344106246,1.78714090773569,1.79066805763609,1.78576091510888,1.79195766638218,1.79744638858775,1.80108551609682,1.80459804696605,1.80511293718171,1.79576815163747,1.78926512567944,1.7700007684271,1.76264535883282,1.75193759927533,1.73911818001052,1.73101173637049,1.72105771795506,1.7039653627485,1.69555398694544,1.68720758113533,1.68059543062751,1.67179422413701,1.66731128535398,1.66880226650772,1.65603140404058,1.64947479596824,1.64220509512245,1.63622930017127,1.63129111505077,1.6335975436295,1.63015935336318,1.63168999314637,1.6173954614145,1.60374224967692,1.58984113732251,1.57042149825777,1.55164458256726,1.54324844700434,1.52396425912133,1.51378081430945,1.49885630286753,1.48966376761126,1.47393270899167,1.45553612333902,1.44119639828532
"90857",0.333864691764757,0.339577567288685,0.34540631269863,0.349665380928307,0.352986182750865,0.355958107395932,0.35882308299882,0.360528635841551,0.362013626875412,0.364351357035937,0.366580072584543,0.368578151986252,0.370507984241384,0.371257856303051,0.371906405832439,0.372498139261585,0.372190425061606,0.371323285659879,0.370306076618882,0.369351729627044,0.368141740230617,0.366769123367001,0.365647274307869,0.36523781903347,0.365187847366218,0.364988539266728,0.364663549201675,0.364774712267643,0.36479455703832,0.364149587295438,0.363404733257017,0.362968550872647,0.362502888860411,0.36242444850943,0.362635121727756,0.362461962318688,0.361865304822113,0.361551657637402,0.360289582220961,0.358816135105565,0.35699435835182,0.355284991993008,0.352871448698088,0.350271043253385,0.347131059845881,0.344289935123354,0.341214818496523,0.337800722212533,0.334475492995641,0.331309374638078,0.328143889921525
"90858",0.661299019609578,0.672580597496029,0.684200055790277,0.692595324690505,0.699302726587013,0.705477665286215,0.711425810545131,0.71509676024342,0.718642970220151,0.723953110900906,0.728755256329287,0.732994634788364,0.737174814399505,0.738711680859731,0.740266091102444,0.741580515393811,0.740815717398992,0.739123904241404,0.736774547254192,0.73483913280225,0.732711699997216,0.729881863833985,0.727541815695753,0.726615594469637,0.726298168548735,0.725677199098802,0.724602259049449,0.724312310768947,0.723488267317116,0.721381340519808,0.719200356000332,0.717472168182303,0.715446685662611,0.7142585347719,0.713720146346089,0.712294518765102,0.710008506088023,0.708209447819599,0.704767365691316,0.700756640197586,0.695814096595785,0.691215525789632,0.685334319936732,0.679224389635321,0.672002684698359,0.665376223344142,0.658426259283571,0.650748717114032,0.643743361327297,0.637233698125179,0.630596603909895
"90859",1.02593888608681,1.04617160254421,1.06629140748823,1.08222847100689,1.09577569307795,1.10755181257897,1.11863656463553,1.12712405606925,1.13620061693723,1.14637296780649,1.15558393868997,1.16395381124201,1.17096537805874,1.17526743479177,1.17802741396213,1.18010381975351,1.17873044613393,1.17336338949301,1.16893275056315,1.16593111503999,1.16170336967909,1.15684800046402,1.15309513088569,1.1513721743083,1.1502004787338,1.14836625426703,1.14595862040987,1.14296448071354,1.13960664833715,1.13458816198233,1.1286205061436,1.12167500263299,1.11336025387036,1.10553694523694,1.09836201910252,1.0898381039179,1.08026722683288,1.07282407215608,1.06103504481542,1.04756711261535,1.0338350900963,1.02001598726295,1.00358290016655,0.986924781186475,0.968803821358546,0.951569654104175,0.934531067169138,0.918436405307734,0.902642923163621,0.887104854243461,0.872403228263096
"90860",1.17625953219176,1.20139679111249,1.22614776066018,1.24521240827791,1.26220133867506,1.27728104214688,1.29093125095228,1.30354698596141,1.31668223504318,1.3302419596506,1.34191728370514,1.35247324751408,1.36107404870286,1.36627452394018,1.36984750244656,1.37281572010131,1.36870064719307,1.36016697936925,1.35639372909909,1.35321793616235,1.3476700500854,1.34076210701242,1.33548642017627,1.33355518344103,1.33215815114306,1.32984274033586,1.32681281407345,1.32071026553046,1.31392202306326,1.30659438857512,1.29505993222422,1.28041364845276,1.26440231033977,1.24880808665837,1.2338051308839,1.21681210746319,1.20171628063181,1.18891817239958,1.17077206311561,1.15013276176136,1.12899741626032,1.10791773930014,1.08371247548274,1.05859438769938,1.03182687699996,1.00611414629323,0.980689045514359,0.958803854710203,0.937865760989799,0.915848231943092,0.897832238829983
"90861",1.19095684953427,1.21885339252206,1.24448194280395,1.26740108972621,1.28716596372488,1.30473579589419,1.31852883467339,1.33893116320479,1.35901844665984,1.3762839561191,1.38982202649537,1.40057694252815,1.40951397118513,1.41584064206174,1.42073225799324,1.4246289545703,1.41488626328491,1.40517860887316,1.40465571984144,1.39852739726054,1.38771635230736,1.37767722230227,1.37465171593923,1.37446654090198,1.37394582872524,1.37207967960746,1.36901229397281,1.35590114845069,1.3452855128952,1.33628932639144,1.31430062542234,1.29150975568062,1.26624790406821,1.24046710344296,1.2143215131382,1.18670222832965,1.16842602591606,1.14926912846682,1.12431796261692,1.09741674562822,1.07154362811183,1.04609364330869,1.0126313308524,0.977944927090833,0.942652456030623,0.909119997938882,0.875981826416454,0.853153908733478,0.827427802198451,0.797212413912086,0.781372495987538
"90862",1.18260014301704,1.20538507693157,1.22678336180043,1.24435698251883,1.26007861320806,1.27285486558704,1.28278047943934,1.29257979879053,1.30379063877968,1.31453924012601,1.3245165407346,1.33297967814953,1.34068989026009,1.34518940978257,1.34803415668551,1.34925541288967,1.34318440017685,1.33334546327914,1.32590283906142,1.31866741102867,1.31052535248456,1.30054232463036,1.29335425054506,1.2890322252848,1.28655471268849,1.28436694048471,1.28210887971008,1.27665221965896,1.26878910012049,1.26114865683834,1.24864697356421,1.23422616193477,1.2171945924764,1.19942035902119,1.18299833540661,1.16561379743365,1.14983682240021,1.13617271266103,1.11934879618275,1.10153762086347,1.08204163391039,1.06362785233992,1.04158881633163,1.01891712321131,0.993018438171675,0.967530649683515,0.941880795807804,0.920383401940405,0.901458018737521,0.881947262504676,0.865386251352787
"91569",2.22865921134508,2.26855116311011,2.30844547913778,2.34171585196819,2.36851642397781,2.39072024016086,2.41129949992722,2.42704932878413,2.44389368972658,2.46292552732367,2.48112233819476,2.4995380526013,2.51486272210023,2.52337914637375,2.53254721291265,2.54130704178896,2.54494987649224,2.54484501754952,2.54162251296386,2.53959885844821,2.53271930031304,2.52542738943666,2.52323714422574,2.52305628665111,2.52418630789595,2.52764688274946,2.52686414627937,2.52674084857257,2.52519569504612,2.51991631579228,2.51573946887861,2.50889531023486,2.50576097154137,2.4995026060915,2.49237222171053,2.48120510061141,2.46773669767733,2.45334060036502,2.43298925605128,2.40952984932282,2.38672984640042,2.36742657986446,2.34346504328351,2.32062931528028,2.29682753196732,2.27342749359906,2.25249037906333,2.2298456335401,2.2084610340153,2.18701491314737,2.16859209010779
"91570",1.93956865759028,1.97392451535423,2.01214057888817,2.041758599888,2.06461849692459,2.08085541709167,2.1008318425748,2.11195908878013,2.12577613842947,2.14286106408012,2.15514239317918,2.17163379729786,2.18772457056808,2.19637791143368,2.20250774319746,2.21128259861307,2.21131880388071,2.20880354795431,2.20628273504792,2.20132541268188,2.19612736396968,2.19072265159321,2.17855572537398,2.17365871527843,2.17309945600963,2.16991504168443,2.16217576988937,2.15961669452511,2.15410169908108,2.13932009786978,2.1312246415564,2.12495508503251,2.11332474498103,2.10644993958772,2.09790635589915,2.08494306057812,2.06607531866283,2.05246053801992,2.03062605463723,2.01065953316073,1.98807856275826,1.96626110608301,1.94778519993953,1.92720946284386,1.90286552836872,1.88865076359906,1.87019306429451,1.84959004612724,1.83070486081354,1.82022525411881,1.8011364830321
"91571",2.41189799155036,2.45495099664448,2.50273548552804,2.53932879096704,2.56805481032497,2.59208387865175,2.61951136874235,2.64270506968792,2.66601079173358,2.68215216137032,2.71514587128678,2.73099291719529,2.7474497265415,2.76468496241649,2.77873012660292,2.7870297719035,2.78896010707808,2.78705400834356,2.78280968305447,2.78214966136251,2.76664269802517,2.73897523228344,2.71831491976259,2.70544346116958,2.69221458295134,2.67277033096417,2.65441330591893,2.64301059861228,2.61835582878539,2.60017643519682,2.57027110353505,2.55546416899814,2.53672805318802,2.51292670156498,2.49188390312293,2.46637917378335,2.43873139695669,2.41071808302322,2.3768886229566,2.34294632501686,2.3087694755598,2.29561028107325,2.27357037326276,2.25613776475076,2.23690759103402,2.21239313827859,2.19332571045636,2.17305858851627,2.15804441017288,2.13563006643792,2.11979681299639
"91572",2.65838461613821,2.71005226157169,2.75409371738613,2.79523253314616,2.82912696627483,2.85994225575227,2.89073452973829,2.91953150579352,2.94350564950712,2.96813872890135,2.996001905405,3.0216927861677,3.05269791308291,3.05478949093451,3.07396609614864,3.07798187308377,3.08927770665493,3.0907555023434,3.09122569273637,3.08771759874086,3.06635071098496,3.04055181504211,3.03661937285555,3.02441375019145,3.00398959612267,2.99294807588223,2.96989225998731,2.95266941443806,2.93903486411175,2.91840790297757,2.89476918859671,2.87717989589432,2.86536604752813,2.8475317970099,2.82593587971226,2.79873652342588,2.77108494343723,2.74428650624594,2.70517243148761,2.66451964435441,2.63879139504962,2.6289568787617,2.60533861801966,2.58106501023487,2.57106854276523,2.55076600183882,2.53486327863035,2.51237480703785,2.49329193329374,2.47491757560927,2.46149532001533
"91573",2.09236955041633,2.1391738791244,2.18989410649058,2.21555910618427,2.22599380912782,2.26342634789687,2.27904015535358,2.29371542821459,2.29858208597485,2.32508829340902,2.34620529654323,2.35757265625812,2.36589679911116,2.38172731674753,2.37052175329281,2.37985431252557,2.38036036854091,2.37435736290791,2.38017124154982,2.35491948185692,2.35677465072465,2.34549137198527,2.30847403322138,2.30091436648637,2.30091434767368,2.27912576604258,2.27362099771193,2.25709807545218,2.26256637713179,2.2373720320979,2.22189288885838,2.22594652598914,2.20385907673785,2.19305794675743,2.18753094732795,2.17878590435933,2.16228801096969,2.14378587199532,2.11414778861134,2.10053661029897,2.07976018932998,2.06128251948796,2.05847810846566,2.04814812639476,2.02700570025483,2.02592746451014,2.01659204737394,2.00539156171253,1.98087271756145,1.97894159044495,1.96799061942028
"91574",2.18521835006759,2.23135197411855,2.28421355733861,2.3117924029034,2.32421499719388,2.36229897916324,2.38056398338733,2.39600653468625,2.40346303366975,2.43048908827552,2.45287894451978,2.46490765126779,2.47406547310175,2.48633052158083,2.47688700764447,2.48606628232395,2.48521807600206,2.48091931593248,2.48415808259839,2.46155822542852,2.46118102165321,2.45307905376516,2.42096937299134,2.41535582586906,2.41623381690336,2.3985538118468,2.39283873525915,2.3814341890665,2.38738484396076,2.36584889905673,2.35318609411731,2.36041968922546,2.34374845150471,2.33578971986145,2.33250969847358,2.32513301529783,2.31156572526501,2.29513885831681,2.27081185233782,2.25837250287614,2.23965447219603,2.22382266184592,2.22027330855559,2.20913752812533,2.18985757584217,2.18623560252418,2.17829425437033,2.16573472839966,2.14393476047444,2.14132589281877,2.13148185755097
"91575",2.10932227765006,2.15117209709647,2.19613315173289,2.22408882530978,2.24029000173273,2.26778699371675,2.28873887816985,2.30553534067668,2.31563026929588,2.34057716480907,2.35841254857548,2.37247722516302,2.38227271026254,2.38822792545173,2.38526574159757,2.39229966945164,2.39042162778563,2.39009334458732,2.38525392870887,2.37169283933384,2.36351207328139,2.35353483134602,2.33468422552343,2.32913742612852,2.32628509246033,2.31722662623006,2.30919936787377,2.30258909702286,2.30279789243799,2.28867890239489,2.28163131148023,2.28233686327568,2.27803804607192,2.27134220520815,2.26963046448884,2.26162799398635,2.25141299345969,2.23744590995275,2.22173955260384,2.20793330579186,2.19333615780038,2.18565382702085,2.17630136057492,2.1643140604588,2.15297697200226,2.14279271887956,2.13665480207788,2.12493805215405,2.11100772585185,2.10373805989305,2.09414286761002
"91576",1.83785875466056,1.85612853853019,1.87676969680729,1.90559510777186,1.92652113790328,1.93260896065588,1.94260199402654,1.94604121403771,1.95020026105378,1.94474194275031,1.95181560378988,1.95844428856543,1.96244458406282,1.96510782772366,1.96444728878371,1.95378897717244,1.94780339608745,1.92599953056589,1.92037885649549,1.90752614366404,1.89292293207026,1.88244462821102,1.87043702168244,1.85163644135673,1.8430916691181,1.83456765932322,1.82881121262936,1.81787660180242,1.81376658878142,1.81730390273016,1.80428141124836,1.79708069315739,1.79278877799537,1.78898569041785,1.78715553244853,1.7928690268788,1.78954703342335,1.79306034542401,1.77939879758368,1.76733618735478,1.75478669388373,1.73772290757883,1.71905332180049,1.71256000208871,1.69249351628029,1.68333492032341,1.66741828491715,1.66040200377477,1.64481350904767,1.62375834184229,1.60707022898111
"91578",0.763429884835932,0.775584755275645,0.787319095412976,0.797218651092663,0.805582465541034,0.81164561570942,0.817386459515564,0.82172009353037,0.82663803884417,0.831616544348312,0.83658284029624,0.8412837839515,0.845951859443718,0.847983500377782,0.84964070913367,0.850061376731244,0.848493587770988,0.845770235392336,0.841956521777138,0.839201491531968,0.836198850762795,0.832236429534754,0.829901452908489,0.82803638699641,0.826531316472938,0.825047889646659,0.822886782825729,0.821547681968631,0.818907002190939,0.815931958413849,0.812303783202659,0.809615016735007,0.80721618937731,0.805840822123705,0.805418550310087,0.804261281305181,0.801970507847192,0.800386363628023,0.797202728010977,0.792905001767284,0.787801677293677,0.783516839264761,0.777189336009072,0.771271808762986,0.764143660138821,0.758237440892813,0.751567356124699,0.744467504996798,0.738391470820914,0.73251705420666,0.726406084475995
"91579",1.18759817074679,1.21021306602235,1.23255359273733,1.25058089186906,1.2666271273836,1.27961854461281,1.29236591320211,1.30148232015501,1.31234868050504,1.32354001215801,1.33376756050281,1.3437296957593,1.3520084896292,1.35655546859015,1.35997194624164,1.3618617154456,1.36068373601379,1.35512157515997,1.35012741300623,1.34750710319135,1.34261133117241,1.33646663313952,1.33241281800933,1.32941973752624,1.32639376476293,1.32290392820325,1.31836163004079,1.31407992738502,1.3087541938088,1.30285971212361,1.29621554063942,1.28899467489194,1.28194987202345,1.27645470609256,1.27162351160325,1.26486949123729,1.25599666471059,1.249767591738,1.23848060126066,1.22464475098671,1.21131441875458,1.1982195876593,1.18226561371743,1.16710988306712,1.15056604379071,1.13536753479112,1.12044982875351,1.10595522699395,1.09205481294658,1.07775321591192,1.06364978647769
"91580",1.37085530068653,1.39800087965749,1.42492783070836,1.44627674524439,1.46585508765752,1.48191674430632,1.4972698791167,1.5089628214547,1.522902782635,1.53712945932589,1.55002456628407,1.56240797828902,1.57250156405401,1.57799633343636,1.58221748875953,1.58481071823468,1.58282952735488,1.57528637750201,1.57010669792653,1.56745555240072,1.56140459884459,1.55357664062428,1.54827398978434,1.54493628253842,1.54157595159522,1.5375036175922,1.53228560831911,1.52673818546692,1.5192941292097,1.51179453364303,1.50242986404734,1.49147293099437,1.48097644914933,1.47201125098319,1.46342322976639,1.45212891894942,1.43949970173463,1.43047989841365,1.41545078489463,1.39728525150395,1.3795438735467,1.36236619479066,1.34176621958583,1.32160934307208,1.29984537421008,1.2798023114701,1.26000270384897,1.24144118272896,1.22441458239792,1.20636560111343,1.18916086584435
"91581",1.46606397042924,1.49541204281295,1.52180172933567,1.54744017966153,1.56808634634787,1.58442164118152,1.60105333370109,1.61721500349633,1.63594545923464,1.6537182751414,1.66882045516406,1.68117927448936,1.69186702812989,1.69864521931291,1.70404597168136,1.707234578563,1.70366693434092,1.69815608674695,1.69385355620933,1.69011640454539,1.68082792141821,1.67211840616091,1.66961484913754,1.66798060226466,1.66588496655862,1.66263586539801,1.65788570616428,1.64985745835068,1.64183340142063,1.63304390718209,1.62055890019317,1.60937617589204,1.59600783180003,1.58232931147543,1.56850903928775,1.55236535881268,1.53772792139614,1.52437771270604,1.50425052205976,1.48216372561657,1.46182153767563,1.44273491070299,1.41633067075649,1.39093626816861,1.36392037640851,1.33957720607781,1.31578503998671,1.29581777280519,1.27462112318234,1.25208153659209,1.23315777619447
"91582",1.39575614819551,1.41941874965778,1.44130922118036,1.46094803429671,1.47805631070222,1.49032911728322,1.50091078482338,1.51058833135436,1.52258285208054,1.53497536917145,1.54645612120565,1.55635447079523,1.56565506071787,1.57055083363239,1.57396367539761,1.57474251298463,1.57030681081785,1.56277290408494,1.55581795553547,1.55040434819571,1.54226981375399,1.5326725253888,1.52721044342548,1.52330522767279,1.52031830188782,1.51737635846285,1.51382886973116,1.50878945523169,1.50243643626455,1.49472875612551,1.48403778859806,1.47452996804388,1.46309694724996,1.45201633883276,1.44117552749286,1.42865357527891,1.41538042062492,1.40425162329337,1.38877579744384,1.3712620137785,1.35449734430612,1.33956612976337,1.31904827826534,1.29923871245361,1.27624041248935,1.25495135016969,1.23499104035905,1.21817538859406,1.20094424560753,1.18350098225228,1.16826363284955
"92291",2.45685697828594,2.50403692158548,2.55520062420401,2.59047611277173,2.62258386729526,2.65341769881094,2.67588970154526,2.69196084410991,2.70811118752954,2.74096643026793,2.75814147281648,2.7853575004322,2.80540601222849,2.81760851191773,2.8250459923742,2.83556226236448,2.84178058433134,2.84800769369272,2.8486028753572,2.82062597204424,2.78198788466106,2.74148534440391,2.68910096195367,2.65036225523076,2.6112608423917,2.5714825123954,2.53150282943791,2.49034188954547,2.45074632949591,2.39870546146441,2.3536506651842,2.30783559206147,2.26255421142324,2.21633322503511,2.17208387258704,2.12821700904597,2.07462574840684,2.0246655417009,1.96432651462799,1.93152003082683,1.90632778405733,1.88946805553213,1.87424561857091,1.85946039594874,1.83984490675283,1.82944721354732,1.81876886867877,1.80100382352193,1.78508383155669,1.77283876045154,1.76093110268696
"92292",2.71189896437936,2.7673857091475,2.8232900276583,2.86966505859669,2.88982964005759,2.93431701779765,2.95820875756473,2.98512942904844,3.00539506105317,3.04136858222384,3.06695984803281,3.09525503402448,3.10879452243783,3.12470193161408,3.13042872431003,3.15341937521402,3.1615277624623,3.1639160584254,3.16013826173434,3.12641053078328,3.09814674843719,3.06521028239583,3.02881541229149,2.99804242085529,2.98571365094258,2.94805769142144,2.92864236987623,2.89764301873149,2.87783795078862,2.83553169105597,2.80764962362714,2.77795104369513,2.74688598314749,2.71453901512193,2.69026899067233,2.64746907802625,2.61141725161212,2.5638435839639,2.5259606603153,2.51091278030818,2.49643768127342,2.48441327145525,2.47455266655667,2.46080049639423,2.44003743503331,2.42665504191527,2.40150557396132,2.38788198633477,2.36751600602444,2.36328176182333,2.34903971031473
"92293",2.81189025297863,2.85957749155571,2.89781087647342,2.93914203721874,3.01522285401512,3.01932893876332,3.05787583121309,3.07641365819862,3.11984326373219,3.14854455572216,3.1601477974729,3.17649848695916,3.20775058475706,3.21040116686071,3.25502831982744,3.27171071013135,3.26821137388532,3.29340228820064,3.2746950523593,3.31203356531418,3.26310675643655,3.21950698709774,3.22485832185753,3.21889770661533,3.16930393891556,3.18237578012433,3.14768224930132,3.14986364086791,3.09693502207763,3.08562632273801,3.07120172525409,3.02060978657679,3.0080332636986,2.98067531806922,2.9482957106851,2.92298630436827,2.88569159281821,2.85387026979057,2.83853572309769,2.8041841072563,2.79778139369143,2.80652756943361,2.78431290747717,2.76255833965061,2.77215349379871,2.74206172228234,2.73365970087104,2.70825442934729,2.72157319339061,2.69791767278641,2.68409286316145
"92294",2.95875425917038,3.0270977466862,3.05303213750825,3.10638764882529,3.18135152427065,3.18701302722922,3.21921609602184,3.25874155320748,3.31332407173497,3.34042385903701,3.34263750815539,3.36940664450757,3.39962205701681,3.38983237344681,3.43951505608433,3.44602325707877,3.46955425667326,3.4908179768796,3.46611497643472,3.50621906878583,3.47292225880188,3.40937397797206,3.44486030474856,3.43244685637544,3.39606524702804,3.40630105792457,3.3970380333989,3.39485373157912,3.34899078080401,3.34685941400166,3.3531014471549,3.29064645846915,3.2895725243232,3.26735363505228,3.24820653593772,3.21467756728188,3.18565365368649,3.16277488662812,3.15600424831268,3.11945311559024,3.10563905229045,3.12073205858484,3.08670405062538,3.06922176836971,3.07964606741778,3.05119036352188,3.01892815282914,3.00028526949029,3.01151245160103,2.9858174524502,2.96217636608466
"92295",2.84888625559033,2.91601939800511,2.98553367127161,3.02585949438172,3.05371020743437,3.1035355152175,3.13586119483372,3.16047555644549,3.17951398038456,3.2154932524325,3.24431071845954,3.26099594108379,3.27545078045684,3.29240444822619,3.29273197227006,3.3091657144294,3.31094406154871,3.31307751516049,3.30884364302134,3.28708318219374,3.2796074672652,3.26543516055149,3.234297687669,3.22887213009975,3.22687638188667,3.20897210371534,3.19833661709408,3.19051383806633,3.19466015964342,3.17077607855764,3.15917852554353,3.16974888898604,3.15151997323717,3.1411005174714,3.13296582816709,3.11747051254114,3.09996277776263,3.07850005755818,3.05212600425685,3.03632437286827,3.01697023481005,2.99810671954701,2.99147769694529,2.97429385785549,2.95226036317358,2.94082007282147,2.92814131430395,2.90266307719637,2.87044958722134,2.86071406797833,2.84518147788837
"92296",2.75808684612057,2.82112228380601,2.88479763595634,2.92672632420305,2.95831637485998,2.99901717358917,3.03382155966008,3.0601772507914,3.08208871287737,3.1145682463541,3.13947545540255,3.15853703161383,3.17392840742536,3.18502250450806,3.19197224715815,3.2055461204955,3.20722901057146,3.21301520532099,3.20354174982943,3.19237417626296,3.17820340347765,3.16178988119211,3.14447861017753,3.13825243149487,3.13284896211462,3.12402666615598,3.11183134637383,3.1078244370318,3.10551856879561,3.09007925345885,3.0828595148995,3.08529425949383,3.07887339402596,3.07003496157737,3.06293079455182,3.0477701382889,3.03334075320797,3.01435099061326,2.99331209720794,2.97429392735159,2.95752831135695,2.94574890021681,2.93254797719114,2.91495090001333,2.9002711449249,2.88321910347192,2.87120689423086,2.84801875532365,2.82377463392735,2.80886166430077,2.79383662865651
"92298",0.8576709642075,0.874707485600129,0.892287163882113,0.906524487285011,0.918217555902709,0.930482940854051,0.942189953653994,0.951540637752139,0.958308603189039,0.96643928122404,0.973526815728855,0.97894574054204,0.983319191755112,0.986350135451524,0.988015330788353,0.990709624726778,0.991413193972751,0.990606268644648,0.988517087930785,0.985138878174787,0.981219623015827,0.977836233115248,0.974171075958661,0.971358600451087,0.967359563902284,0.961193044579368,0.954629469498376,0.948767673214904,0.945117696003735,0.939254774706494,0.934789485925049,0.932210387559889,0.928417070162623,0.924248149524654,0.920170954507146,0.915533472314084,0.91028940471487,0.905507455667634,0.898169920871859,0.891999191715176,0.885781280898687,0.879790111240817,0.87225641289435,0.865081913965324,0.858815689448649,0.85445115468932,0.85020749245266,0.845067246085171,0.838624190021265,0.833010942996563,0.826949860320973
"92299",1.70615539330465,1.73868189989355,1.77252288673298,1.8002002544839,1.82261962305536,1.84531833619646,1.86717764204462,1.88494143832104,1.89828678676878,1.91331396720405,1.92713975616066,1.93808988054508,1.94706797532207,1.95286383054609,1.95588452626231,1.96002775992158,1.96058216963691,1.95840013244347,1.95341293425021,1.94641375297008,1.93888620740988,1.93157235373394,1.92243852815109,1.91236021731203,1.90071978787169,1.88630692997734,1.87150713941733,1.858365243282,1.84909995682872,1.83694077601076,1.82672553437941,1.8203978807356,1.81183973134698,1.80263345813993,1.79435263573357,1.78497292272199,1.77394906751604,1.76377770015531,1.74909463778417,1.73602724067905,1.72198508796529,1.7090766727585,1.69498998076256,1.68423401768513,1.67448989813298,1.66764574205477,1.65978721385665,1.6501976550471,1.63884372573761,1.62860797722159,1.61664939944335
"92300",1.95939817693943,1.9972953279132,2.03698613474218,2.0694966514353,2.09668102894585,2.1243301794273,2.15007144843736,2.1713248174192,2.18713673793931,2.20567125501109,2.22260589140943,2.2356964391501,2.24657241835614,2.25353132601879,2.25744274344479,2.2631070265384,2.26393914779014,2.26123563755577,2.25677252114636,2.2497109583613,2.24091763105775,2.23229801429517,2.22212112871754,2.21149453765103,2.19838532132359,2.18160617575702,2.16502678445658,2.15027971831175,2.13963587652967,2.12578442894073,2.11340176560545,2.10541367888058,2.09515481941801,2.08386064821575,2.07297014188603,2.06006425057956,2.0459709976238,2.0334137269212,2.01577739653267,2.00004706879477,1.98288314751596,1.96759877559732,1.95003619419863,1.9358947761028,1.92346499824141,1.91475034346174,1.90468455656159,1.89292236228678,1.87932631459869,1.86674544821954,1.85274123969494
"92301",2.08214166979014,2.12326008025974,2.16636614356887,2.1995705130375,2.2265276832853,2.25257146804655,2.27907433039481,2.29982410028219,2.318448121543,2.34024381295902,2.35874814742717,2.37520994467374,2.38823172967118,2.39691719053361,2.402869688289,2.4090401783523,2.41057910972515,2.40711986049924,2.3979627720777,2.38831965393734,2.38032117790594,2.37136732490476,2.36057253922677,2.35117214370395,2.34067509635151,2.32838697173346,2.31515067283932,2.30296716035899,2.29368331771231,2.27920412939501,2.26896529610813,2.2588464205847,2.24473479796441,2.23037975902631,2.21749638924768,2.20485318396421,2.18935213157881,2.17660889672949,2.15924368532566,2.1409976365163,2.12146194263639,2.10199969500527,2.08191902541964,2.06421542174154,2.04836724436839,2.03453054146741,2.01935274364536,2.00278203037469,1.98600106062599,1.97125043239467,1.95540879826191
"92302",1.83254046904331,1.86630089998634,1.90243209740025,1.93181468164877,1.95604148168912,1.98085605318507,2.0051430381683,2.02376604898309,2.0404135862438,2.06125285831941,2.07783039588962,2.09281597414467,2.10412376062453,2.11264489391,2.11879535893657,2.12614630057537,2.12960528608832,2.12725444277618,2.12070568774233,2.11432200029364,2.1079081442527,2.10162124707965,2.09360263044144,2.08841633592925,2.08162045366449,2.07228750331766,2.06224458859597,2.05306159938873,2.04697334814342,2.03495581238728,2.02828841340752,2.02047755068308,2.0099914085888,1.99952721138496,1.9888324412054,1.9782469513659,1.96523551308115,1.95596854458744,1.94179734159153,1.92664190173324,1.91173746147587,1.89615920555984,1.8793554684733,1.86287541448718,1.84958934164833,1.83829312540854,1.82635083221563,1.81344624414905,1.79986495420096,1.78786436956934,1.77588557274541
"92303",1.73668513262746,1.75670677537732,1.7754564628966,1.79282722746299,1.80784976094414,1.8151852931967,1.82071812142068,1.82729738568469,1.83655292357394,1.84301141374939,1.85212311420169,1.86230500722864,1.87249374043042,1.87569864514161,1.87776470151265,1.87464681594833,1.86760608326081,1.85810382495721,1.85391176654913,1.8489840490461,1.84051965541552,1.83000981954476,1.82411462981338,1.81720663047548,1.81334808442103,1.81028704668156,1.80630890872741,1.79953290608724,1.79153871041164,1.78682771558171,1.77341063763583,1.76346365949497,1.75528482781921,1.74730087990367,1.74329304904674,1.73689155564528,1.72824382151251,1.7212445013537,1.70936589504067,1.6935993615002,1.67517390628832,1.66039169624569,1.64309195893659,1.63068692933146,1.61218586113734,1.59526953321104,1.57771238821648,1.5634931038345,1.55063260990149,1.53708827581903,1.52415800993866
"93008",2.07317476557946,2.11312462021019,2.14993439589957,2.17945742934069,2.202652156127,2.22227886250519,2.2462534595975,2.26328993257994,2.27874613594187,2.29834600030102,2.31711769866387,2.33463050779291,2.34915371420657,2.35875885085978,2.36687185396762,2.37535315968647,2.37833660633964,2.35975126425198,2.35557497291498,2.34294216965715,2.33043815866314,2.31720363929746,2.30790781648949,2.30343401712496,2.30157164567498,2.29224862377388,2.28279534193685,2.27329451261361,2.26765932514158,2.25401392062148,2.2401177274098,2.22642615232463,2.215685671853,2.20579108539916,2.19206482608966,2.17452932380041,2.15354772030359,2.14926978288964,2.12445976463776,2.10654875376627,2.08440147272527,2.06525607357274,2.04194606987226,2.01794003458931,1.98950654936177,1.96876993896196,1.94866265556442,1.9260135425924,1.90190456283283,1.88327797751004,1.86323723999134
"93009",2.08115348539141,2.12271411279798,2.16429299892867,2.19453971476493,2.21903632879877,2.24068452708714,2.26237180707337,2.27888047912118,2.29644613725251,2.31705790799546,2.33443339265261,2.35030882066204,2.36664086565997,2.37527644344893,2.38388731637763,2.39409664471684,2.39674949280988,2.40165015062668,2.39429913111942,2.38734152552797,2.37969117080579,2.36793040703568,2.3573567766499,2.35287908504805,2.34788838292355,2.34301386393779,2.33337950637171,2.32639167086514,2.31785443848381,2.30435105792005,2.29330490577603,2.28564130022659,2.27369113485541,2.258714538221,2.2492868569296,2.23269520166022,2.21298609574805,2.18967670518017,2.16897046694801,2.14862679319221,2.12440690980104,2.10566259414589,2.08404740687369,2.06108674055753,2.03920842142348,2.01588318982187,1.99449983192579,1.97213242827677,1.95091110675267,1.93195131161638,1.91422616720653
"93011",2.00559088692389,2.04370482369365,2.08481355372394,2.11585557810784,2.14113174219179,2.16333943276368,2.18637335561786,2.19836604245764,2.21744835112757,2.23464114819171,2.24922785111878,2.26448643490613,2.27789355868746,2.28663659599236,2.2949857120344,2.30315939440113,2.30514278675965,2.30434445249894,2.30198585452883,2.18265072510332,2.06184427959251,1.94172048746922,1.81966714869019,1.70155481834686,1.58728246997259,1.47468500414727,1.35891998122797,1.24655758773816,1.13336005711658,1.01597142757408,0.902117387979438,0.788864920475919,0.672542587287256,0.559294946382159,0.448274916971543,0.338616081898466,0.227162841723282,0.117178827260704,4.33952873635235e-13,4.33952873635235e-13,4.33952873635235e-13,4.33952873635235e-13,4.33952873635235e-13,4.33952873635235e-13,4.33952873635235e-13,4.33952873635235e-13,4.33952873635235e-13,4.33952873635235e-13,4.33952873635235e-13,4.33952873635235e-13,4.33952873635235e-13
"93012",2.60175310350387,2.65231617519081,2.70635377997679,2.74640458922119,2.77966608731189,2.81760457597698,2.84143707116379,2.86949888349904,2.88938767278873,2.90962863684562,2.94179296653705,2.96273732423274,2.97867153675303,3.00082514357884,3.00731112098138,3.02131869392823,3.02864558505334,3.02232247905013,3.02777858114814,2.86413980896612,2.78837423204824,2.72885370605877,2.6646662526694,2.62366903987347,2.57760225044604,2.52657975521043,2.48859817840114,2.43831219121849,2.40311689631876,2.35727194227335,2.30671715020071,2.26643039027,2.22001889587038,2.17636247930615,2.13117871951917,2.08208798842342,2.03161098196858,1.9858265803737,1.92742385136827,2.02590820036751,2.04921837461952,2.05098777806309,2.0506617691962,2.0436145780541,2.03382699059192,2.02685606012917,2.01624432881001,2.00182452698629,1.98315026051017,1.97643179958917,1.96807834099859
"93013",2.76372391139084,2.82107977902026,2.85550505091035,2.89772406652517,2.96384794159375,2.98023326651203,3.00975757168328,3.03097279201126,3.07746803457304,3.10266272945688,3.12739456008561,3.14229090505188,3.17185438369877,3.16711852897953,3.21220913141419,3.23265357181069,3.23440207093671,3.26371203196108,3.23278116941834,3.24124572851704,3.19704209380436,3.13441248036894,3.12812302980346,3.09759352482097,3.06093731951182,3.05119907230769,3.01464896564654,3.00448716562085,2.95941747850714,2.92864909895927,2.90768647341276,2.86289248151764,2.83616355946803,2.81250030213861,2.78457205462032,2.74350637833987,2.70663376285347,2.67569605876386,2.66470758267295,2.64041751541036,2.64027062442114,2.6523612241227,2.6399463749103,2.63509550532708,2.63460496558974,2.62282724319131,2.60578092224707,2.5881451116248,2.59380469198287,2.57980491816577,2.56081614854418
"93014",2.99711303100339,3.04456852120522,3.08935724632764,3.14687287969078,3.22858181301749,3.23492689569676,3.26102550893089,3.29730075864058,3.34536896804976,3.37743748515351,3.388342057085,3.40799407150017,3.43551463608365,3.44265954723305,3.48207806376627,3.49704610186983,3.50684733568466,3.52709513787356,3.49914561124727,3.5254771760779,3.48954350419739,3.42959899982891,3.43336636018103,3.42706877132388,3.38141891805722,3.38797739024537,3.37079626935933,3.37331581949232,3.32460287733359,3.32230894635455,3.31696911812109,3.2508600537173,3.25206118542842,3.23421149461405,3.20174722646797,3.17391462110156,3.13672659457515,3.12736493623739,3.12386925246,3.10296520599829,3.08864491327021,3.11774817146354,3.09543552642302,3.06847726227234,3.08482156446911,3.05833779605416,3.03405186768428,3.00995442494577,3.02733482714085,2.99703309048567,2.98004320197906
"93015",2.93826327555435,3.00829840720763,3.07788299112275,3.11959473076323,3.14712538526831,3.20076902754098,3.23324079954412,3.25888132055022,3.27724063811142,3.31640191441749,3.34504354384792,3.3621576071032,3.37738013427806,3.39664466396624,3.39670533639002,3.41277654508938,3.41780918808361,3.41485450224257,3.40495017700639,3.37533862710469,3.36239401723747,3.34292793228027,3.30743371568912,3.30066427060831,3.29821094479088,3.27736506895082,3.26652214508447,3.25515485807201,3.26129180354107,3.23524113840503,3.22457604578181,3.23670364731704,3.21811079746423,3.20778668669064,3.20285631988609,3.1870351068306,3.16636655446394,3.14867537172297,3.13115074006115,3.12245599848592,3.10848742889364,3.09385777181638,3.09164045857057,3.0776128844056,3.05644695860327,3.04699721973731,3.03593139134415,3.01221331983369,2.97913106270527,2.97077703324354,2.95358644143521
"93016",2.86883785199025,2.9343705752954,3.00084388179734,3.04481038654836,3.0762985830145,3.12006098746347,3.15669484304008,3.18442104760288,3.2067792226098,3.24167575021852,3.26877876109773,3.28882586855866,3.30521489602526,3.31880334149048,3.32613623511656,3.33990806905984,3.34511823550381,3.35014256581711,3.34063369439473,3.32514940502761,3.30823799179796,3.28932888578562,3.26877787051952,3.26236895930628,3.25808049727402,3.2474444068536,3.23483353065079,3.22853356051796,3.22809976876729,3.21244605414632,3.20476183031164,3.209873689826,3.20408713559029,3.19546235103227,3.19060174565877,3.17626927603778,3.15903883098806,3.1404111415668,3.12232007544185,3.10747280515044,3.09393661353175,3.08483924584931,3.07459131222544,3.05945260245649,3.04499710605558,3.02975525990659,3.01908400378639,2.99747845329098,2.97178443255765,2.9573517642436,2.94263824012962
"93019",1.91224981457271,1.9502054667055,1.98919031576988,2.0202747677674,2.0468127840186,2.07495851449297,2.10149104660918,2.12120276652255,2.1363861309228,2.15440953994794,2.17049585930942,2.18338351459215,2.19344126701619,2.20041179108892,2.20482608859867,2.21156148039022,2.21458973934132,2.21270213354766,2.20922372902285,2.20518049307993,2.19817466763681,2.19047785930653,2.17273142566516,2.15182773215716,2.13113768777151,2.10948006320903,2.08929920494025,2.07282393098173,2.0609466038293,2.04767806642261,2.03739596376368,2.03002963886227,2.0230601263992,2.01632016706606,2.00932374431998,2.00017817370069,1.9889722507653,1.98059750490261,1.96670296620869,1.95359729438066,1.93992969040487,1.92868391104623,1.92349532896831,1.92374425264996,1.92398397649286,1.92500277081081,1.92304999326845,1.91912743606581,1.91255830627812,1.90435221840906,1.89421850681639
"93020",2.179096863015,2.22058528828465,2.26415750107206,2.29874391393641,2.3284424693131,2.35870920538894,2.38696507332735,2.40882880193733,2.42557808029915,2.4454894893336,2.4636091616856,2.47868387456007,2.49056739420146,2.4976552411304,2.50235780120693,2.50860521617554,2.51039101001958,2.50781805501125,2.50447477318492,2.49939897798789,2.49096466342584,2.48120539627531,2.46263570126358,2.43979354401773,2.41679893759743,2.39321623486552,2.37149633954708,2.3532893815723,2.34014275485403,2.3255397025882,2.31221843122908,2.30287465706664,2.29432280829288,2.28584843041815,2.27744585671411,2.2661301502586,2.2525719188007,2.24196800668788,2.22567299062074,2.20965953617036,2.19218144666579,2.17862662723808,2.16996034688235,2.16874630175754,2.16770991180337,2.16697428163486,2.1626542924632,2.15674731666645,2.14797611270789,2.13778877172534,2.12585209409501
"93021",2.29197488085338,2.33497283200005,2.38148264534379,2.41648539128161,2.44500463660892,2.47201761211729,2.50033053630624,2.52143668781696,2.54098568184137,2.56360243916246,2.58313625995831,2.60208885276199,2.61647722099132,2.62496341715345,2.63169486206761,2.63735031798192,2.63992318502934,2.63701591484499,2.62907601946041,2.6212671903446,2.61397175185305,2.60439133389012,2.58694424850985,2.56731592463234,2.54932321866059,2.53210824478317,2.51485945902258,2.49965529215782,2.48920726115543,2.4746148802603,2.46322237546385,2.45216221665474,2.43997191359045,2.42887681337647,2.41940814131792,2.40967597397313,2.39508235763885,2.38510267088328,2.3698958637969,2.35091873584268,2.33139465532437,2.31379841967386,2.30207207702842,2.29647193180913,2.29088365454185,2.28405504740685,2.27464028847475,2.26445815740877,2.2520189711076,2.24002333283433,2.2274234499936
"93022",2.36012872551437,2.40324483185512,2.45076442679185,2.48592481029787,2.51413817446543,2.54157798297206,2.57029919010878,2.59243423688501,2.61184587587958,2.63480241540427,2.65508683947159,2.67461113799067,2.68946544233045,2.69781478590358,2.70426607912009,2.70979063661164,2.71251604259667,2.70956456985525,2.70381952614051,2.69586658034619,2.68778359037164,2.67852083744031,2.66619712621913,2.65421247392878,2.64283787004342,2.62940622360316,2.6147412792598,2.60039121790842,2.59205064544482,2.57844553735085,2.56635281638891,2.5557448612044,2.54419790260063,2.53287546537222,2.52301740234271,2.51235649334613,2.49738338233922,2.48708658949176,2.4710802288659,2.45107863078338,2.43090742733008,2.41320494641,2.39597058483935,2.38291886439106,2.37120920233745,2.3602545942664,2.34853854722406,2.33767633526863,2.32390921453348,2.31108908678653,2.29885158527355
"93023",2.33568557156468,2.37715224312452,2.42274273959916,2.4548079727428,2.48060533897407,2.51126229560633,2.54547626000396,2.56827119945255,2.58592236283833,2.61209997654941,2.63248167784922,2.64529091291519,2.65776492128959,2.66709531555446,2.67254476534586,2.68191353127691,2.68731605936398,2.6946860210534,2.6874040744504,2.67973809190965,2.67242354288738,2.66362666726754,2.6555804997399,2.65396063127344,2.64678382586207,2.63277628925631,2.61447418760556,2.60285233087166,2.59501087615634,2.5775934802741,2.56999822616815,2.56563406953613,2.55398832919527,2.54215305485663,2.53011827565007,2.51947887434977,2.50562474170138,2.49218998671381,2.47184388146799,2.45478525466254,2.43814340341008,2.42436505305612,2.40575963003147,2.38593878351038,2.37266902263823,2.36377006000116,2.35642069274525,2.34491992259148,2.33107741532804,2.32124921971398,2.30866996411884
"93024",2.10519336800426,2.12917100706898,2.15613883891762,2.17720705985841,2.19463762546068,2.20675675516732,2.222918326332,2.23623444930447,2.24914291441937,2.26506297795854,2.27934837475381,2.29298300535738,2.30587916995431,2.30921184710932,2.31179048209719,2.31034634094957,2.30643301846302,2.30422048596352,2.30431490947088,2.30068321082807,2.29241463986016,2.28099481876518,2.27294115108274,2.26765827628735,2.26467613927442,2.26047179064164,2.25064955849626,2.24205918307743,2.23494172405295,2.22418151192205,2.21196349527888,2.20253983995143,2.19452471813836,2.18621173391036,2.18200642816825,2.17408217717997,2.16308520970359,2.15335275168904,2.13844605821009,2.12083186377633,2.10392093212767,2.09375327745626,2.07854428906105,2.06480084413396,2.04795438949226,2.03525941048525,2.02675650493798,2.01979775924648,2.01042483941533,2.00031973244882,1.99213357091607
"93726",2.05638685414742,2.09771469593389,2.1365916133311,2.16709226151355,2.22073874335903,2.25573149835987,2.28540207232177,2.30988542858203,2.33489060808208,2.3598223425256,2.38246190917179,2.40144003109697,2.41852014452331,2.43112053606683,2.44417549019428,2.45589247207705,2.45836151004678,2.45366239518034,2.44378766795592,2.42904654536386,2.4055716428026,2.38131533970064,2.35956511159061,2.34287030699653,2.32619541601039,2.30794566176383,2.28754663208414,2.26714995264342,2.24642954697367,2.2233223972881,2.19706569264622,2.17224863236694,2.14689260309773,2.11991716679065,2.09238835263939,2.06100597559344,2.02844445770883,2.00028216124995,1.96960417337661,1.94049624953227,1.91459706965098,1.89162963884384,1.86573886738948,1.84010730362626,1.81397224059415,1.78924051386957,1.76503787975993,1.74027070433103,1.71502695403722,1.69069577553403,1.66831387499078
"93727",1.81877855694111,1.85451239787937,1.87923671854163,1.91151000169352,1.92855120110954,1.95353570596386,1.97925989422521,1.99990228628787,2.0164895784615,2.03791193740922,2.05061670525145,2.06837757894245,2.0823049454613,2.0921156280784,2.10774325950276,2.11000266560104,2.1000758062218,2.08358529202977,2.06095855320743,2.0340987803673,2.00315424754121,1.97014950922199,1.93815597133707,1.90684672730683,1.87884630240608,1.84815898539073,1.81811378327016,1.78769969547019,1.75798234613269,1.72177880233963,1.69197782164393,1.65828341503821,1.62353868518826,1.58867071486491,1.54753108261415,1.51783879071638,1.49304862644496,1.47078558622115,1.44675523502173,1.42503646873481,1.40390039332145,1.38573213486249,1.36643529005286,1.34911119429785,1.3301186652704,1.31352260868866,1.2959431749522,1.2773016064244,1.25902638060661,1.24235677723703,1.22535074471722
"93728",1.8341062007763,1.86805954380592,1.89925244023182,1.92838843070774,1.95007112038909,1.98626153173542,1.99562013652908,2.01337202144497,2.02792682265901,2.04278560446984,2.05936828763127,2.07411026210291,2.08752795588022,2.0959050123158,2.10289209001299,2.10949614575249,2.10675397261652,2.1048333694224,2.0925788739817,2.07922899411444,2.05914501549278,2.04064780874519,2.02455022855392,2.0092069650457,1.99473836222266,1.98086137523768,1.96752349743575,1.95144172266547,1.9369177752147,1.92026371569497,1.898687690085,1.87987747378829,1.8623547744421,1.84322251445088,1.8246628256063,1.80406793165101,1.78207935903802,1.7603811066524,1.73969904504136,1.71656204865384,1.69936160305303,1.68243696139265,1.66139550696825,1.64279314647912,1.62255393609055,1.60306320554124,1.58284547946679,1.5631216389271,1.54254852093361,1.52227108693345,1.50612360344096
"93729",1.8524569815876,1.88640063576049,1.9226594452995,1.95241352272183,1.97626571147495,1.99182818979727,2.01178092960557,2.02709111979995,2.04018361329305,2.05533000741194,2.0712734488291,2.08637931689017,2.09911639606673,2.10821907071417,2.11398622283355,2.12033144263648,2.12192333483205,2.12167829141534,2.11714996859982,2.10905029920438,2.09799953651442,2.0849826953405,2.0739869264636,2.06285570619337,2.05266671225365,2.04445239850245,2.03626224925087,2.02754497810582,2.01859429408638,2.00631211829514,1.99305709020817,1.98047652889612,1.96560667562958,1.95132809130435,1.93653358245466,1.91975002207099,1.90187326660139,1.88321231178182,1.86066620949279,1.83905068663552,1.82037732289692,1.80203844699834,1.78096219982147,1.76185589245329,1.74375540361016,1.72489967222548,1.70345120930747,1.68225901247494,1.66142718458973,1.64215509293314,1.62288202685558
"93732",2.51506280989342,2.56957997016819,2.61870577878921,2.65646345086344,2.67998326462607,2.71777200998297,2.7406054507937,2.76458828637398,2.77716962216934,2.8057139570221,2.81689033776459,2.84458343699967,2.87116730548728,2.88408016030293,2.88991800525837,2.90313418513789,2.90755939211407,2.88981783052451,2.86022433417615,2.80819471339843,2.74199111646757,2.67187320520789,2.60032476687031,2.54145068718464,2.49454429266172,2.43896592369291,2.38749886096422,2.33237915856777,2.28939444508412,2.23493634711605,2.19057442645993,2.14095958612526,2.08235756983749,2.03431783705147,1.98423373790893,1.93072406391384,1.8744336482432,1.83676962130742,1.80429312314889,1.78744658628167,1.79151272867208,1.79285809579265,1.79764504425602,1.797956627559,1.78813713199481,1.78901511274087,1.78152962504148,1.77069081278949,1.7557841730381,1.74698858383385,1.73505067862895
"93733",2.71989962741281,2.76977753073222,2.83117898468121,2.87978678307072,2.90879404436272,2.94714756198218,2.98012658328793,3.00452225805331,3.02780983599999,3.04770672770145,3.08491898868301,3.10390333971582,3.12038475900226,3.14131298143491,3.14732177265804,3.15886882233937,3.17830480926853,3.15829868670683,3.12485564996028,3.07947076915288,3.02563582506832,2.98863752642615,2.9414362858398,2.90007148561345,2.87337642839929,2.83948587023873,2.8121992168709,2.78584182486083,2.77209939024309,2.74244444728771,2.70105719710003,2.68504456789694,2.65440786183494,2.6166023049646,2.59212559561896,2.56249112888963,2.52322247409316,2.51504837453336,2.49903302687186,2.50339221535479,2.50972495981175,2.51523054348307,2.52014796049697,2.52383297502554,2.51560930093285,2.50175619445644,2.49398006338117,2.48297888699001,2.45506303347935,2.44426784733906,2.4425833190492
"93734",3.08569323894626,3.13356889658297,3.20790608298448,3.26045186309676,3.3038431144409,3.33415637750865,3.37318741357275,3.39783018689749,3.43195317740701,3.45651214695899,3.49125673545375,3.52820729330092,3.55333353103876,3.55534666091274,3.56901008651016,3.59288082684225,3.59737972885947,3.56943406789167,3.54476472148582,3.49455203803675,3.45818932085701,3.43506159151653,3.4045151582892,3.37177374733252,3.36312397858436,3.35120503370534,3.33242758022112,3.32617128151422,3.30589506613325,3.29272567951381,3.2716953719367,3.25576795137358,3.24525053388243,3.23053193152639,3.20239511919293,3.17796953006318,3.1656251712047,3.16786431951576,3.16694904841372,3.17438873588199,3.18651225088357,3.19366703255925,3.1854521518683,3.18995414640761,3.17101308159968,3.16844898987353,3.1563939198674,3.14190800756029,3.12645945015583,3.10963270421341,3.10800792436605
"93735",3.18338198378697,3.2554383818631,3.32098204496333,3.36994973456084,3.41111855699876,3.46142408583235,3.49143352648162,3.51592507202349,3.53674690121697,3.57843399380534,3.60857266015911,3.63000554757463,3.65480224242751,3.67889991388084,3.68817065160238,3.70862811058359,3.71825232843697,3.68815429021636,3.65328010916626,3.61677760617662,3.59774424893631,3.57095735053826,3.53817055564101,3.53046967852217,3.52367132501784,3.50597954355068,3.50204613879667,3.49541202115806,3.5005002611175,3.47973439752936,3.47403259214645,3.47868362938676,3.46222237624137,3.45800334793506,3.45561204616904,3.44165406828592,3.42249491528788,3.43945762929616,3.45098398534515,3.45795063300152,3.45333730550523,3.44487452199808,3.44701698775273,3.43807662846047,3.42029514564974,3.41930359943818,3.40730067450523,3.39003730073734,3.37054729668126,3.36379928785755,3.34230503267447
"93736",3.17354105852137,3.24452836705594,3.31129898878697,3.3597633060803,3.40355497638185,3.44818355034241,3.48283590296192,3.50965663003516,3.53381909807832,3.57255789942158,3.60413417962217,3.62877407750808,3.65505116595879,3.67506262422487,3.6904494987802,3.71215930604677,3.72128427184286,3.72407790464848,3.70856223047485,3.69071551354853,3.67704525543079,3.65493997659541,3.63382443287609,3.63006251174918,3.62431927516185,3.61453551367396,3.60884995140624,3.6070316894779,3.60866562372329,3.59557300325061,3.59232457225295,3.59475221387867,3.58665226060709,3.58424497612795,3.58152275684672,3.56968349298762,3.55515391636079,3.54624031237066,3.54027570439269,3.5355092440687,3.52682191399382,3.51858607628544,3.51391839085553,3.50184852901334,3.48739675354555,3.48184223402346,3.47092037697995,3.45408383676675,3.43835753217136,3.42884263195446,3.41036771061195
"93737",2.17033084909926,2.19731299045822,2.22608275971302,2.25339483818987,2.27252948239735,2.28869512739093,2.30245977959844,2.30910818505713,2.31383971280483,2.32103235227999,2.33312311375665,2.3429975850486,2.35228742827199,2.36244341363509,2.36660641797816,2.37053101524563,2.37248436148428,2.36427901652725,2.36239533430764,2.34744242458066,2.33107716915362,2.31501050774331,2.29761549618447,2.28444854725005,2.2787590671093,2.26660955440805,2.25710036431053,2.25574335995986,2.25812432376319,2.25768990385932,2.25100183231625,2.25215916941591,2.25037569138294,2.24812214522784,2.25327988558089,2.25328064298343,2.24617432805915,2.24163231673036,2.23297380547395,2.22829024257143,2.22125007836666,2.21654054594572,2.20958181001915,2.20666047267863,2.19258711482282,2.18771810793039,2.1785932614978,2.1653493622849,2.15215586722717,2.14227449810771,2.13577326895143
"93739",1.7853266560458,1.80941664994202,1.83196438234098,1.85172209075561,1.86781604745135,1.87821610317134,1.88797822280502,1.89963603731877,1.9119019733245,1.92645032880547,1.93956095401767,1.95152545134577,1.96204632146037,1.96870235592609,1.97553480103639,1.9794908476671,1.97708558455864,1.97199923541183,1.97091012774452,1.96809416971964,1.96044224817555,1.9508599005614,1.91486619006544,1.88766973923824,1.86854254068739,1.85253250230469,1.83822195722312,1.82377544620824,1.81589512114091,1.80591107981275,1.79520940448813,1.79162512581202,1.78708623454544,1.78292127906582,1.77849392452481,1.77254218650246,1.76529028658502,1.75917208152003,1.7451007029773,1.73073961731154,1.72049962608663,1.71076836393531,1.72497952576113,1.73668222372999,1.73843169622721,1.7393502939232,1.74095016630172,1.74061750613187,1.73231924144449,1.72322387077622,1.71686669311498
"93740",2.37548891587285,2.41957565722994,2.46202387504977,2.50285061530559,2.53207503498914,2.55809089739141,2.58509218940109,2.61257694004265,2.63705292735674,2.65842487847282,2.681329161879,2.69799440712904,2.71313994665573,2.72567752055158,2.7331985398724,2.7394084945377,2.74236699091179,2.74234889113059,2.74347302427916,2.73804866133674,2.72373672076202,2.71506711724752,2.67124187533995,2.62647621242434,2.59668948941182,2.57300754240668,2.55188260495894,2.53081137806082,2.51780548437295,2.5030596311543,2.48491885348778,2.48055515742102,2.47569534040917,2.4677125257332,2.4588405259104,2.44683170956161,2.43474880032696,2.42362580303364,2.40024839813942,2.37741626316852,2.36086404274302,2.34439612631316,2.36112866244119,2.38355776185079,2.38799760930887,2.38670011223165,2.38459299244632,2.37993235613787,2.3664647304248,2.35268827414838,2.34081381275404
"93741",2.90553934510681,2.96692545275011,3.02463884221262,3.07450059631792,3.11769738563569,3.15816054661043,3.19838957622912,3.23250302834577,3.26525968797788,3.30038265229627,3.33173587054656,3.35573182648616,3.3755090046428,3.39143096042304,3.40367690708496,3.41996157483702,3.43111586529339,3.43749128649962,3.43696876120504,3.43444202857364,3.42694215517785,3.41756721290739,3.37598567726637,3.33877436154118,3.30937793687425,3.28447889482167,3.26145695348208,3.24468059161234,3.22787652051342,3.20595422575341,3.19258053127969,3.18776436590927,3.17911119570881,3.16923500461295,3.15920475287591,3.14696314459707,3.13370287434313,3.12126888573931,3.09622223001839,3.07602189639793,3.05940622839325,3.04492351403292,3.05997203496837,3.07446321254728,3.07638822908183,3.07916208360949,3.07803159232652,3.06852812150778,3.0574428689369,3.04734304058135,3.03184070517298
"93742",3.00175908919045,3.0629663527884,3.12230354883104,3.17302407852866,3.21684791626357,3.25805071124705,3.29978051236753,3.33632866124776,3.37012747061802,3.40643567159187,3.43932888704426,3.46412368266992,3.48527048923727,3.50071587797304,3.51263795022225,3.52848535012585,3.54000234358127,3.54735345572339,3.55035312969016,3.54747908522115,3.5383189529795,3.52872841850507,3.51748665094992,3.50575744000471,3.49003705406577,3.47121495249935,3.45131603223757,3.43565421076419,3.42097174141081,3.39968712610129,3.38431743979905,3.38008847712307,3.37175800304867,3.36078036653804,3.34990949731883,3.33559144607374,3.32123035113217,3.30723574942774,3.27987020972064,3.2576329754458,3.24017921137821,3.22582675530371,3.21017573527388,3.19963232517064,3.18770389718602,3.18333890796859,3.17905636220202,3.16825987285691,3.15499377241471,3.14366552010583,3.12871230985494
"93743",3.04937445921532,3.11275146209645,3.17315608184249,3.22446912950729,3.26953160714363,3.31599157419592,3.36118445037802,3.39840828220818,3.43307745074988,3.4704238062838,3.50620623659478,3.53416449768059,3.55354161806232,3.57234208072603,3.58963586193371,3.61345315749302,3.63121342147199,3.64296198994063,3.64361457110348,3.6419927983637,3.63702252828051,3.6285614310943,3.62275779575928,3.61892017557943,3.61036926442712,3.59569621363267,3.57801565978846,3.56277462604441,3.54888925713019,3.52637954410142,3.50969563928037,3.50186791618166,3.48805237144658,3.47387682417848,3.45685678380592,3.43978526804131,3.42098271043174,3.40586415621508,3.37726337339983,3.35386591221145,3.33660340306526,3.32031454658214,3.2984156160254,3.27866110232076,3.26090937647538,3.25413672135591,3.24797323199205,3.23552825064427,3.22009204927774,3.20939348310255,3.19561170680598
"93744",3.0624180969171,3.12783130585723,3.18835500374815,3.23931442076057,3.28421714360544,3.33330016812668,3.38079923648834,3.41924078608032,3.45456799943706,3.4938510813165,3.53042643811915,3.55728539452388,3.57584061879824,3.59620207919038,3.6139596391525,3.64049249372051,3.66008251118927,3.67431362798116,3.67437037697193,3.6726757948022,3.66789229521429,3.65983789461827,3.65389762875999,3.6529536628389,3.64622138086508,3.63243660723134,3.61548607500732,3.6021285286032,3.58937163980974,3.56539496728005,3.55086726065681,3.54481462584234,3.53055821615955,3.51530214077333,3.49594190214232,3.47837843514028,3.45910880825061,3.4419756686543,3.41119083418925,3.38788821983594,3.37087118832031,3.3549335151441,3.33361205145192,3.31116416904831,3.29219018706953,3.28459835383724,3.27717022767073,3.26203109351211,3.24588330573936,3.23634393660701,3.22073655577495
"93745",2.20507807523027,2.22941269377668,2.25370085804071,2.27246325457181,2.29045742060049,2.30565198394703,2.32143652863578,2.3327104538978,2.34643562580789,2.36451364440241,2.38017687396702,2.39344447279352,2.40630881970992,2.41127874459992,2.41630744985353,2.4199815688945,2.41873378679416,2.41858248187276,2.41618316135956,2.41245672285927,2.40349198933844,2.38719481334536,2.37627831493828,2.36829193127956,2.36156260654218,2.35536224252869,2.34498391395806,2.33837131268492,2.32948246819213,2.31527643631107,2.30467567481827,2.29595356846773,2.28647477806732,2.27545471128399,2.26881777736164,2.25842986504501,2.24430190237845,2.23295440926408,2.21525359659747,2.19594267732519,2.18131627122798,2.17157675918098,2.15820993615073,2.14550864488615,2.13169018740928,2.1247145891132,2.12105628133771,2.1121138760985,2.1026264777262,2.09530198193982,2.0861428140878
"94447",NA,NA,NA,NA,NA,NA,NA,NA,NA,NA,NA,NA,NA,NA,NA,NA,NA,NA,NA,NA,NA,NA,NA,NA,NA,NA,NA,NA,NA,NA,NA,NA,NA,NA,NA,NA,NA,NA,NA,NA,NA,NA,NA,NA,NA,NA,NA,NA,NA,NA,NA
"94448",1.25458657523195,1.27711541167389,1.30010465990674,1.32148510425217,1.34014617221254,1.35357904800197,1.36972489838715,1.3781844680612,1.38965956642336,1.39927048722884,1.40829084537976,1.41660575082749,1.42420674821249,1.42978220452955,1.43346746774736,1.42854301619971,1.41652639763856,1.40102657868902,1.37992155119909,1.35850834458617,1.33460192765001,1.30940640538034,1.28348273304954,1.26162147356328,1.23993108538981,1.21767506894485,1.19525646141974,1.17366891360548,1.15099585497117,1.12803471758962,1.10342603172552,1.08071564524302,1.05628020743754,1.03165949357221,1.00863626561912,0.99329181826565,0.980478143501969,0.969015650793073,0.956196481244504,0.943283595110353,0.930914578653298,0.920131933141011,0.908373224487981,0.896767466307886,0.884093444336188,0.872321888738236,0.860719046383537,0.848669035167576,0.836463159397992,0.82439584936706,0.812540604754749
"94449",1.27359410118734,1.29696339480144,1.31965761495581,1.33714470903035,1.35362498810489,1.36574404391729,1.37916156940471,1.38866743915944,1.39663341832273,1.40606780061686,1.41478017624306,1.42138442155074,1.42932869123778,1.43393106233643,1.43782521296799,1.44014562932574,1.43747209019506,1.43227788516672,1.42390196264777,1.41509438702166,1.40349748758028,1.39068676755103,1.37630788062767,1.36626066876239,1.35587126492493,1.34553161541234,1.33291844088111,1.32311296857039,1.31308925598219,1.30117953563653,1.28831044936035,1.27643161775061,1.26238662538694,1.24947298547589,1.23618597754872,1.2232605917636,1.2102885611963,1.19848499138132,1.1832012184861,1.16874024776713,1.15394238105525,1.14092096531492,1.12790684500015,1.1143363827154,1.09869337386755,1.08531014073511,1.07252286675879,1.05796914797167,1.04356315550462,1.02946619899935,1.01585588889264
"94452",1.90115249642258,1.93608018881207,1.96911479682446,1.99638119595911,2.01828752938279,2.04098987482326,2.0599737683595,2.07149886933929,2.08405257658562,2.10232383563859,2.11545026179582,2.1283775440095,2.14452004313419,2.15342220174038,2.16070212397557,2.16712590954211,2.16888591832251,2.06477353114734,1.95329379819585,1.83865331554953,1.72319144593063,1.61046744207666,1.49732180294975,1.39113638170033,1.28211268946787,1.17246022268627,1.06484865835605,0.958979749003208,0.854071424191524,0.743882548003149,0.632951972334491,0.527069192692049,0.419390963812403,0.314830802148564,0.212289978131432,0.108307734189502,-6.12243589159789e-13,-6.12243589159789e-13,-6.12243589159789e-13,-6.12243589159789e-13,-6.12243589159789e-13,-6.12243589159789e-13,-6.12243589159789e-13,-6.12243589159789e-13,-6.12243589159789e-13,-6.12243589159789e-13,-6.12243589159789e-13,-6.12243589159789e-13,-6.12243589159789e-13,-6.12243589159789e-13,-6.12243589159789e-13
"94453",2.19621461119023,2.23527983313926,2.28370567630082,2.31718019635171,2.34340493171157,2.36286637357127,2.38985515058361,2.40986340723447,2.42872591997334,2.44182023226795,2.46596236185365,2.48030383242764,2.49333934294365,2.51099286460382,2.5150060033271,2.52102392620229,2.53015009327959,2.40610638310608,2.27360875641861,2.14639697567782,2.06445788706163,2.00710822406107,1.95286637932093,1.91655967659143,1.88433132027453,1.85207901502542,1.8218996996197,1.78737809886352,1.75922368665944,1.73364203950551,1.699823630722,1.67190840434648,1.64337183835634,1.60368787138319,1.57480065714956,1.54240838727075,1.51350693066808,1.60088007050671,1.68893041271333,1.77692862888824,1.8171299142938,1.83218389246106,1.83786569234972,1.83927103000072,1.83223424922936,1.82870602897212,1.8208122494789,1.81491613076147,1.80032667689762,1.78720500933836,1.77722516441899
"94454",3.02634516519029,3.07207606304199,3.12888286920808,3.18020955426534,3.22280219187462,3.25200343489443,3.29602727053348,3.32953626691922,3.35483256911719,3.36904387881563,3.39960455432439,3.43930688744233,3.46549338901492,3.47724953696626,3.4854550117329,3.50606314732275,3.50478641600319,3.34826115225952,3.24962006175471,3.18671921025223,3.13209597899191,3.09271644652055,3.07121340394179,3.05655895705303,3.0405213531023,3.02675523945123,2.99971846296674,2.99401841288549,2.97925257202853,2.97973316776892,2.95208571323814,2.94527900081726,2.93673741032654,2.92936218087604,2.90800932925236,2.88167616390033,2.86604648172872,3.01475614939856,3.09157564734176,3.12189524297299,3.13627542382754,3.15167635030005,3.16017555352067,3.14879171272388,3.14326660587259,3.1176667965954,3.11645478315681,3.10041940794669,3.08729931143931,3.06549826246026,3.06156302571147
"94455",3.17569955591825,3.24968952450596,3.30897579231005,3.3520100962396,3.39621904091613,3.44979695021983,3.4651932706604,3.49328931494001,3.51009997130534,3.56570717987447,3.58036110880135,3.59903939664623,3.62950938376078,3.65740803088693,3.66404816970679,3.69140403556485,3.69917242421118,3.52573860716335,3.45237267153679,3.40612811319656,3.39240919888224,3.35098658373252,3.31621261414745,3.32671800763145,3.31085889682456,3.28547165896863,3.29242198080946,3.281035640336,3.28863092815208,3.25706175373032,3.27306342731547,3.27515955607816,3.25303194317693,3.26287771549127,3.26127217085669,3.24039299315036,3.22120696896524,3.38470654562365,3.44372161130999,3.45958588571915,3.45371428080597,3.4501694337355,3.46701651273157,3.44429969600933,3.42873647595318,3.43952382691077,3.41990393683318,3.40121243797057,3.39020832408408,3.38466942972369,3.34839230823131
"94456",3.23987307169518,3.31524989094547,3.37755397306158,3.41887273082065,3.46521078722877,3.51647916488727,3.53762367275695,3.56784969524575,3.58654121638069,3.64032170884093,3.66014629715301,3.68274445456626,3.71532499588708,3.74087179128441,3.7507420073765,3.78069772177535,3.788511818035,3.79362428744859,3.77315613851787,3.74966197896838,3.74670308803001,3.71146675228567,3.68489593524494,3.70242731547171,3.68833006759162,3.66832473402019,3.67276759065586,3.66578089072857,3.67370298490016,3.64709024280163,3.66285158907856,3.66597758378738,3.64769435524129,3.65937394267735,3.65854883886903,3.63907922931966,3.62300137051614,3.61286271156764,3.62311529795528,3.62002026982515,3.60622618524924,3.59950607600939,3.61045963615097,3.5827046845357,3.56842534370681,3.57594845117428,3.55688114403298,3.5376415628225,3.52687018416767,3.52136892603115,3.48782826454402
"94457",3.16568208089375,3.23557537943091,3.29665170488695,3.34370252349607,3.39150959998317,3.43532501409239,3.46767880577517,3.49632057075697,3.52487397728946,3.56852176959098,3.60221492474997,3.6318179952747,3.66331839691369,3.68720585925788,3.70371730639137,3.72080088264106,3.73043922943705,3.73899991805755,3.72926748839909,3.71596498881866,3.70643299620193,3.68821511215795,3.67417790760713,3.67354564380776,3.66477021476848,3.65337113766381,3.65324912664763,3.6530368019241,3.65636848865022,3.64503064168858,3.64687971837094,3.6501042241416,3.64295449776801,3.6454313005537,3.64692627351796,3.6439063422872,3.63527825838359,3.6260487440774,3.6142110359515,3.60277850258298,3.5884176914773,3.57699196915544,3.57020130666946,3.55729145718084,3.54489256818076,3.54023198866389,3.52737956927452,3.51232881779845,3.49876282252132,3.49016317038099,3.47146632264489
"94458",2.45288958863312,2.50344906499445,2.55134826213432,2.58788543325291,2.62299405975267,2.65564986862654,2.68424674429128,2.70727464302404,2.73380314782797,2.76946376750173,2.80095438359432,2.82762610122984,2.85321088966043,2.87177304813899,2.88816211515498,2.90457204735351,2.91230289478823,2.92414208677991,2.91782560200957,2.91285560120293,2.9057128437297,2.89624986335601,2.89310701535258,2.88173670241744,2.87217739586126,2.86413407004781,2.8591228238944,2.86258002820451,2.86231618895639,2.85372481189804,2.85168117524767,2.85270920689483,2.8489623424236,2.84676522312129,2.84602736452983,2.84169486863778,2.83638579346757,2.82592120538223,2.81301111795596,2.80094891206868,2.78874850898143,2.77997604608179,2.76748287331392,2.76696216469772,2.76477859212344,2.75977122332039,2.75408122447766,2.74228328967884,2.73375049670171,2.73009439734651,2.72370474587538
"94459",1.88465766770751,1.90418544355865,1.92471668108979,1.94167759039298,1.95175603781849,1.96032144255785,1.96779075368038,1.97130357058339,1.97809681559934,1.98589662814085,1.99817027895146,2.01085705214292,2.02187327848279,2.03002023968483,2.03464812431562,2.03437620799575,2.03278151758566,2.01877255572101,2.01758293038224,2.01129454453478,2.00317217922194,1.99029571546702,1.87882340845041,1.83680207289687,1.81289112813001,1.79312648595573,1.77621586768732,1.76154765214084,1.75546074572851,1.75193007816188,1.74085536730736,1.73491808291834,1.72959288636559,1.72510177912739,1.72737563774553,1.72878609139647,1.7224169217714,1.7242324326668,1.71561036249896,1.70375204882747,1.68909735287403,1.67621419240579,1.76065679331504,1.78477915198248,1.7879427160066,1.79026804158592,1.78569704441643,1.78129364327929,1.77103359226139,1.7588066739801,1.74728092533399
"94460",2.00260086282142,2.02580150838274,2.04919664122345,2.07101596567266,2.08887894729104,2.10461664965312,2.11953232818256,2.13635055752625,2.15322343804983,2.17311268274661,2.19366400432715,2.20738919289634,2.22024449828625,2.23289264846196,2.24054035557778,2.24905862704854,2.25186116299679,2.25149629031055,2.25609801827939,2.25280027155781,2.23973387581276,2.23328129213559,2.11786784715987,2.0709814110733,2.04763770242518,2.0280211221297,2.01097873552414,1.99409073428721,1.98673103025907,1.97538150951853,1.96255516666315,1.96260781462288,1.96079713873934,1.95573195913737,1.94811766316194,1.93791376693896,1.9287955532744,1.92129108343665,1.90154963030539,1.88483178993925,1.8754714712903,1.86449273543331,1.95870744708096,1.98959532024464,1.9957279895266,1.99732089179159,1.99909330199191,1.99840807039949,1.98779310224886,1.97724428050411,1.97016439080909
"94461",2.87444433087876,2.93530438899202,2.99189940814461,3.03862406846913,3.07836376895224,3.11878225432023,3.15898579891441,3.19045047430041,3.21981217079987,3.25457527435985,3.2845692895995,3.30791601556887,3.3272366875876,3.34357277279005,3.35567756756037,3.3731800622255,3.38582635561172,3.39165706300878,3.39015260786899,3.38712336503471,3.37909344197192,3.36797698379478,3.19268243638147,3.12446055434685,3.08926260166231,3.0620143670193,3.03669161695106,3.02022288628459,3.00461238106484,2.98187267274036,2.97119029335737,2.96613104463173,2.95722894092732,2.94741668708413,2.93781431953264,2.92617870437858,2.9127758657663,2.9014150898152,2.87710834410806,2.85837133933316,2.8431365570343,2.83073808341088,2.97926192460895,3.02462193471696,3.03429513093424,3.04036896394301,3.04174492991589,3.03292941672074,3.02318726746407,3.0146640168486,2.99936756025294
"94462",3.08401138849949,3.14661650763646,3.20663146169466,3.25452960587939,3.29711424261061,3.33976020743688,3.38330574859951,3.41731978868482,3.44883902188187,3.48674961336375,3.51886176053168,3.54341707383441,3.56517675287971,3.58070958583179,3.59294906418384,3.6097954291806,3.62283391296836,3.63012806530259,3.63036490383589,3.62656403384632,3.61600941082039,3.60181091294353,3.59224929397636,3.57138930295266,3.55016183129619,3.52742890216323,3.50301448475818,3.48743730378264,3.47204244158688,3.4475364646413,3.43426128502687,3.42770348176062,3.41740873236296,3.4055288262631,3.39474231029054,3.38022103462774,3.36417329326875,3.34973184725717,3.32193973098531,3.30026020557761,3.28320705540921,3.2711370668572,3.25265506071292,3.24977294387938,3.24353826540382,3.24247434463061,3.24028864643487,3.22861862828988,3.21688464333148,3.20757893582159,3.19127708124749
"94463",3.14110351822383,3.20543285121228,3.26639850295653,3.31486398885127,3.35958643518679,3.40760910146012,3.45530123844048,3.49047773488982,3.52357884035684,3.56346813439517,3.59879716284377,3.62622483931422,3.64674879086199,3.66553094369542,3.68353780881055,3.70835603155831,3.72726920734638,3.74062360205433,3.73718822649609,3.73300331176002,3.72469841767187,3.70986525539617,3.69977103263188,3.69165652620742,3.67855782261187,3.65987429866769,3.63686851313413,3.62179322676267,3.60645786395303,3.57933533226712,3.56436570374159,3.55388709329086,3.53728414717577,3.52142310482612,3.50362654351861,3.48529192839915,3.46425452747176,3.44718430794564,3.41771012488984,3.39550144256006,3.38013354355344,3.36683112536894,3.34764187441542,3.33038967302303,3.3164671376077,3.31300875349663,3.30905347914504,3.29453046578804,3.2801700322025,3.2716980186465,3.25604067214031
"94464",3.14209431516429,3.20744981876447,3.26698061743979,3.31524166245186,3.36009901688001,3.40970925293159,3.45908200970417,3.49552539778503,3.52997914828784,3.57190597035352,3.60800607624779,3.63401820720165,3.65361779580649,3.67337118975382,3.6920018170953,3.71897000508045,3.73872362217097,3.7553959942448,3.75145730670947,3.74630019851328,3.7365890341882,3.72037656675124,3.70946406947341,3.70431671167193,3.69319207518011,3.67607484231111,3.65346719358347,3.64080917764138,3.62579102963298,3.59666355655425,3.58389694525267,3.57521041252824,3.55845858882952,3.54089137439608,3.52074248935371,3.50116913653644,3.47924834461109,3.45932661163747,3.42741367606677,3.40515218052141,3.39098142666847,3.37902064527316,3.36101659706193,3.34038172691499,3.32456271034501,3.32067236102158,3.31552985160269,3.29680700707609,3.28119854355274,3.27375611804154,3.255480662042
"94465",3.23405664580278,3.29187215660761,3.35929704140458,3.42215134059412,3.47632561638409,3.52465171070403,3.57079792112338,3.61374770999332,3.65281188892504,3.69002314486509,3.72638252697381,3.76398532160639,3.80033735008762,3.82882977971737,3.85275091441959,3.87392937835673,3.89027076780498,3.89252182185336,3.89727602887621,3.8920604311527,3.87721601337868,3.86347543174177,3.84652803431827,3.83291308709671,3.82274287627649,3.80838179310506,3.79727787030476,3.7778433695057,3.76448896860701,3.75143710422784,3.7267873167377,3.70793958997814,3.68623775426253,3.66646249724769,3.64825868854456,3.62615122815641,3.60317506541455,3.58675977228612,3.56193365855488,3.54160522326379,3.52672627261888,3.51691794559244,3.50345628775364,3.49585378688835,3.47931667953622,3.46234234890418,3.44560547267599,3.44137818172127,3.43261851681029,3.4203360380671,3.41886717990401
"94466",2.38798174125477,2.42077589785857,2.46107182651614,2.49824982774345,2.53822303349965,2.57694659171147,2.61339308853169,2.64677386296308,2.67810821722999,2.70880757375338,2.73723364818483,2.76549880419548,2.7928250201765,2.81640845276768,2.83671382491163,2.8560255397449,2.87001368974845,2.8742564751463,2.87718886887233,2.87380349188205,2.86298618606544,2.85233517720236,2.84023514625525,2.83022659779447,2.8212786730005,2.80951641774048,2.80013468113783,2.78615912652357,2.77524008305811,2.7636685124767,2.74756270518078,2.73454834831471,2.71786226193928,2.70197833156932,2.68658027663054,2.66903048037233,2.65116389157804,2.63825096905337,2.61921258888246,2.60586144898048,2.59815129470146,2.59269103885605,2.5839469134697,2.57882717071816,2.56942941004943,2.5605052045158,2.55119189129408,2.54846782324854,2.54350530115213,2.5368457336,2.53764957238796
"95174",3.19710827446324,3.27927930918695,3.33145892919595,3.36830365948576,3.41584021783189,3.46055893225456,3.48065930021144,3.50029755952189,3.52227912540831,3.57570656490033,3.59624613666368,3.61963358964271,3.6516962792805,3.67476569955167,3.69223069007661,3.71086601118976,3.71341983672495,3.72874109344208,3.69415300528934,3.65444504200356,3.64557809524989,3.59839103815753,3.57076755979628,3.58081706161528,3.56296477226125,3.53015842747501,3.54564058579327,3.54101553753933,3.54503488822507,3.51657881618228,3.52604443906031,3.53007758798988,3.51181144203869,3.52075551400525,3.50961852176203,3.49451706848473,3.47028539684509,3.45208866349256,3.46668396983437,3.48237299891337,3.47437109886855,3.46968803185136,3.48333362418529,3.46438623182464,3.45248175844727,3.46932167771413,3.4350029939609,3.41347234370547,3.40656521504296,3.39941549330458,3.36619791027494
"95175",3.21756644628258,3.24158903083275,3.30575979435743,3.35980477768334,3.37773016641528,3.35746885063019,3.42001953486559,3.45417948696494,3.5047195710037,3.46259214760099,3.51902865907221,3.5684661231206,3.60208649022439,3.60752586833591,3.63905676135631,3.63749597790309,3.65069611372007,3.66123812500899,3.63834065917609,3.62225011203456,3.56266046102974,3.56362627927444,3.57092685692102,3.50161851788073,3.49967463372246,3.55452167555334,3.51351431869866,3.52038715541627,3.51994309403959,3.58086759909933,3.54574332918914,3.53385841607892,3.56049622492944,3.50522767717012,3.48999249048511,3.4979155709076,3.49236228686554,3.47502777913626,3.46130548772101,3.45971067458157,3.48432295256217,3.51088055224371,3.45099837095571,3.48050998952176,3.48864668196098,3.42553094076563,3.42899651549519,3.42231241125953,3.35759105961338,3.31283579653699,3.33183286776506
"95176",3.27974226902443,3.28865648545746,3.33846607958231,3.40904906046709,3.41844113738408,3.40358226926163,3.46877436691929,3.47641391650296,3.53396026862339,3.51167236083292,3.56726164851438,3.61987247510452,3.63354463676189,3.62729694804259,3.67691987693904,3.68376672694613,3.69398395908499,3.71897511356124,3.72185379820889,3.73863828989583,3.66342294055647,3.67705996592985,3.72415604908641,3.63893986326147,3.63901610339372,3.67845128509165,3.64848157170926,3.66851082462639,3.65428651323991,3.72262373102888,3.67498045412502,3.66557130952197,3.71988998913328,3.67128391584154,3.63370550871794,3.63085312944991,3.63813417368412,3.63594494830878,3.58606925354955,3.57753043187786,3.59971997131581,3.61830693773125,3.53431607743794,3.5669874049667,3.57931016348658,3.51563219889617,3.51722872550864,3.50558932738393,3.4624025923071,3.40005841130795,3.43510491474795
"95177",3.21497828304055,3.28475797176288,3.34052200614082,3.38213845323482,3.43044054571575,3.48030830805268,3.50249881865317,3.53359992716089,3.56088822808506,3.61730181998594,3.64604320566308,3.67489739111765,3.71251991816516,3.74079929484664,3.75233769463467,3.77446965388381,3.78329996889542,3.78772514359638,3.78420791506543,3.76898442757034,3.76940602462098,3.7444934241055,3.72647058302182,3.74308586656863,3.7306929795236,3.7106324914752,3.71924230416803,3.71542635454832,3.72578620140562,3.70476235760064,3.71828071115281,3.723765719367,3.70732729771375,3.72088549548211,3.72428173991568,3.71538659430455,3.70580191903707,3.69982816861354,3.69055409830326,3.67613284471953,3.65449905362973,3.64009751043021,3.64422994852003,3.61827410607994,3.60172653853779,3.60660166234322,3.58545043125841,3.56844756762544,3.55551965006193,3.54946883266319,3.51979781618661
"95178",3.14813955631544,3.21331245322604,3.27214031627881,3.31584271347209,3.35658204066344,3.39982978351298,3.43164422792162,3.46272973393945,3.49854564455717,3.54682086399999,3.58744997914189,3.62051238535656,3.65469642774212,3.68031987324326,3.69825423654307,3.7175674021741,3.72743107399201,3.73414406809447,3.73117275541599,3.72166330051612,3.71319321363445,3.6992320250298,3.68948101224524,3.68464451660174,3.67592300702771,3.66102389469663,3.65524220197236,3.65592075351815,3.65968849196214,3.64895724444265,3.64640293926246,3.651075162439,3.64312808087563,3.64287075618966,3.64443467590324,3.63924246038048,3.63135709690116,3.62317004723758,3.60728478390396,3.59186866011295,3.57356918319826,3.55776302892486,3.54521073950124,3.53535399303238,3.52443993929907,3.51971344316169,3.50927191675086,3.49268178763568,3.47713985020859,3.46936475423006,3.45597104474318
"95179",2.71355487386318,2.77221227293603,2.82431570480668,2.86079607751002,2.89635190349268,2.93005287882642,2.95960671217117,2.98703160093631,3.02003858031193,3.06283060941835,3.09799789451916,3.12896543547032,3.15823883584777,3.17754568759218,3.19531369415775,3.21446670389418,3.22106005151898,3.23393512563562,3.22439802115501,3.22011535707699,3.2113646285863,3.19960843874203,3.19514067300007,3.17676270458911,3.1606840349698,3.14926491040055,3.13978989366951,3.14270064090494,3.13993335769149,3.12731306156046,3.12459316947623,3.12224361262567,3.11576317978999,3.1121368819319,3.10943273233142,3.10235200186216,3.09643381714749,3.08332556469694,3.06842427683053,3.05308069360623,3.03716380136323,3.02584438115381,3.01239601738728,3.01389474275497,3.01637657832451,3.01082057921188,3.0049019405293,2.98951994983716,2.98050245956448,2.97697006302588,2.97021230259397
"95180",1.93607696142208,1.95372447101298,1.97159826215943,1.98356150739939,1.99032178662548,1.99710223126458,2.00215100102384,2.00314024333748,2.00887801257365,2.01887062065754,2.03114064140446,2.04469276657897,2.05690012468148,2.06431006423547,2.06877790870965,2.07005969455146,2.06721318272402,2.05417009669128,2.0502584715848,2.043075351424,2.03284254875332,2.0166505264273,2.00278194477516,1.96936394726305,1.94534634747514,1.92611044825579,1.90886297048622,1.8954983885984,1.88851114329148,1.88221344884182,1.87143448791288,1.86284121295796,1.85493634661607,1.84936655377898,1.84906954640831,1.8470157660139,1.8394055792451,1.8385777468301,1.82912736033413,1.81638045096525,1.80091689072894,1.78857898250662,1.77538496969594,1.78896326066217,1.79285175171858,1.79364846642654,1.78791665480583,1.78063633182053,1.771171658478,1.76068891402367,1.74975294798078
"95181",2.07804925128439,2.0981349808308,2.11872380894667,2.13183238127008,2.14477515707501,2.15344708671913,2.16030734821962,2.16758211730592,2.17865913469128,2.1962119497443,2.21626014502712,2.23174047184524,2.24522860507405,2.25466677549322,2.26718156037168,2.27630322512089,2.27447874993272,2.27133684705407,2.27118394671955,2.26641068543218,2.25486951544813,2.24041484402735,2.22750401317992,2.20591654904718,2.19067313878402,2.177829465142,2.16870334563903,2.15335719798426,2.14611244092045,2.13780046106325,2.12034842864519,2.11720981838459,2.11099977273348,2.10450900808446,2.09331121299368,2.08115216036577,2.07268252718512,2.06493040676162,2.04964685160586,2.0357997051616,2.03085014796007,2.02367682261543,2.01235815211252,2.02108811670699,2.02168369664968,2.02121921725417,2.02127272012855,2.02652974423979,2.02043716854228,2.01350955481194,2.01696648333982
"95182",3.1927215127369,3.24689924001372,3.30250492630721,3.36006880637662,3.40706874375362,3.44305647021421,3.47281535140571,3.50881699952306,3.54734900473333,3.58090677177715,3.61622681951629,3.64897194599039,3.67678739513762,3.69960131175294,3.71758076569657,3.73334551534026,3.73775190098139,3.74194400202507,3.74834633564207,3.73973752021424,3.7158615495624,3.69979598053086,3.68601986923993,3.6644763369582,3.64339040950893,3.62336871739866,3.60922123019953,3.58764526790926,3.57200261180816,3.55489440254097,3.52680034009104,3.51267646579488,3.50043547138507,3.48715242525129,3.47093365616764,3.45020973947831,3.43173302457579,3.41593547054298,3.39077063569061,3.36689953722265,3.35512049573139,3.34571791422796,3.32801062788637,3.3258117526928,3.31897370260312,3.31270669902594,3.3060774019346,3.30506840815315,3.29580104627816,3.28446218056854,3.28033328968416
"95183",3.30169371265365,3.36301017499289,3.42336369122776,3.48114938095708,3.53364417179074,3.58079455350029,3.62234774364194,3.65945174198202,3.69793433643616,3.73491197372378,3.77258417306632,3.81020305621876,3.84074307558944,3.86559363322849,3.88737313195103,3.90879683751596,3.92372518709863,3.92637351807634,3.92521551142894,3.91180080983362,3.89020124791531,3.86638372827459,3.84598081555205,3.8265436412608,3.80758149398823,3.78727648689096,3.76860859598428,3.74479022350218,3.72294775443327,3.70322839269056,3.67360473004455,3.65228609928154,3.63228250521031,3.61024345024497,3.58975801444094,3.56748151789255,3.54020534300829,3.51927110437004,3.49798831652719,3.48340346808554,3.47168199067531,3.46712817132599,3.45468919558558,3.44685704607907,3.43551429488832,3.42633625088031,3.41736480821961,3.41678102909801,3.41047949484733,3.40061058829916,3.397427945189
"95184",3.28889995215068,3.3500312439832,3.40887596647578,3.46723350025969,3.52040831678714,3.56850243211988,3.61119765637476,3.65041232748967,3.69109118092316,3.72966444201208,3.76876397747177,3.80520471987842,3.83459026868839,3.85985880592571,3.88222043250738,3.90497541589984,3.92007411308336,3.92688043552918,3.92548234250957,3.90885394394566,3.88298546878034,3.85586816312968,3.83347971561181,3.81369554473158,3.79518086028675,3.77591993643862,3.75729204957638,3.73416337137992,3.71209947810597,3.69040656397906,3.66091101876816,3.64146922679979,3.62173923972546,3.59781751377281,3.57465347495843,3.55063618533965,3.52207682962556,3.49778658043412,3.47444649485189,3.46040103150607,3.45202925028176,3.45049830340168,3.44014412691028,3.43214377679663,3.42001760287444,3.41081503744233,3.40144353983891,3.39804894781755,3.38996187094657,3.38077987768408,3.37599616693858
"95185",3.2039117400207,3.25973794599799,3.32504889375504,3.38508559622831,3.43869641287523,3.4864834042825,3.53170664952033,3.57129007946797,3.60839631765351,3.6463377669499,3.68118820677432,3.71628545226335,3.75160792246262,3.77904823207743,3.80273397855464,3.82373944013149,3.83851264810957,3.84083167948517,3.83510504911276,3.81787794379422,3.79074634012064,3.76386590698375,3.73742989236476,3.71627573532207,3.69836055609276,3.67794879180188,3.65960049165313,3.63855217875231,3.62105149344777,3.6016739072387,3.57787963727267,3.55635988521422,3.53104194541474,3.50788680572327,3.48700110611867,3.46236431335676,3.43656699744373,3.41724241683348,3.39562685782992,3.38406672215248,3.37875700454908,3.37640200002684,3.36933757908356,3.3650396337404,3.35335372553149,3.34177694371526,3.32866279598414,3.32117941889334,3.31274777077646,3.30290379291866,3.29888598895006
"95186",3.02767812505044,3.08460193032871,3.14620216719095,3.20485063291433,3.25635206028041,3.30308046993987,3.34628221048892,3.38381586814215,3.42118483505927,3.45901756474123,3.49358732714288,3.52592608539814,3.55765126247875,3.58363383546691,3.606991319557,3.62826100402062,3.64226133552346,3.64751759951292,3.64209147277021,3.62805033884957,3.60454804567446,3.57791674700212,3.55393842382526,3.53326882935633,3.51442202893987,3.49414548612014,3.47428737804639,3.45521213847197,3.43692459899037,3.41638548102614,3.39511416535529,3.37609985037865,3.35293550068651,3.32955794422209,3.30840866599411,3.28526502498921,3.25930989314837,3.23843132024987,3.21541901130909,3.20085385322152,3.19276173631946,3.19032239397289,3.18286510705713,3.17766244582569,3.16787781865989,3.15943902655223,3.14800367047138,3.13769189260502,3.12873517355133,3.12053160396832,3.11292946121297
"95187",1.986545053195,2.01180060060448,2.04831424556591,2.08465826909578,2.12171607907445,2.15569397596034,2.18592236897651,2.21322015451269,2.2400977733116,2.26625530426472,2.29113875646789,2.3148500927387,2.33714945931582,2.35580082854719,2.37369578249691,2.39005563497249,2.40177492923247,2.40592774670186,2.40577085974625,2.40010255295239,2.3870905428235,2.37230538229318,2.35769413123799,2.34460237214275,2.3326759193409,2.31801644152779,2.30579432887796,2.29125272456592,2.27894823139024,2.2666277512452,2.25153633436295,2.23940478571957,2.22400804456348,2.20867600313133,2.1929698539162,2.1768987073936,2.15979319199809,2.14629627537445,2.12942389488441,2.11888360820499,2.11390853953867,2.11240448552201,2.10739217946246,2.10477677110294,2.09847438158553,2.09415100848495,2.08877668447817,2.08679576894525,2.08259241784649,2.07717816496519,2.07652736205594
"95894",3.11839578034778,3.17067624152746,3.22466214312664,3.26544142319266,3.29758744228232,3.35231339266018,3.35972516446639,3.38126759628832,3.39775412435464,3.44964085863258,3.46115647659636,3.48948952946672,3.5234991650184,3.53506037106566,3.54733433062547,3.57698322895771,3.57990899379331,3.57703022402418,3.57786732101488,3.55595156357204,3.55164686998276,3.52400855981038,3.50117938106061,3.5078874956965,3.49996742734637,3.4831233843299,3.48547574885976,3.48532352345653,3.49156123268922,3.46247769790354,3.4785646921674,3.47476603420751,3.46099457175592,3.47422106375487,3.47760633679239,3.45843544036466,3.44036758875302,3.43420098069141,3.42579903168608,3.41686891444849,3.39614830549757,3.39583442816383,3.40435490861578,3.38658481536826,3.37160371324179,3.37025072913589,3.35398129047545,3.3318432371044,3.32365063505536,3.32355851771369,3.29046491100149
"95895",3.08683488720708,3.09339094627895,3.14677685035535,3.18685451814388,3.21499612583958,3.18824446132745,3.2480817108964,3.26778023409036,3.30897470541292,3.29838767642631,3.34080982241935,3.37313312153591,3.37737196194751,3.39547043067195,3.42824373943182,3.41974480777845,3.44384730463109,3.44756549953027,3.45332994007571,3.48056948191563,3.40494299535766,3.40932317475592,3.42823141718015,3.38202635602933,3.36785814194503,3.40918529002475,3.38413950472515,3.39128922955264,3.39071694496004,3.44127561919243,3.40711983367508,3.40566303820832,3.43587077472708,3.39573299537946,3.36242846857755,3.36871380642715,3.37774896828704,3.37771677915686,3.321723586455,3.29757655782433,3.34011807565483,3.35659542426907,3.3074063070533,3.31959046219869,3.32939488394946,3.28545982908989,3.28314467667774,3.26647082544075,3.22094318440809,3.1622159090773,3.18865293348463
"95896",3.10862993191258,3.11470668144748,3.15847446368188,3.21747830856531,3.23396227727958,3.2097063537986,3.2682374409249,3.30336192030431,3.34824133377335,3.33063695682,3.3853057577462,3.43517516314616,3.44251405452172,3.45021471541483,3.47942366177368,3.49298094581961,3.51144758753277,3.51601573021522,3.51732581248168,3.54183171856601,3.49315646546357,3.51213933128924,3.5404124437908,3.47537355921576,3.48790046234515,3.52713774442941,3.49927235380546,3.51876215938048,3.50046697319786,3.54734700551561,3.51313788825928,3.49340944521641,3.54146184172727,3.49859815804298,3.47730573688617,3.47049782657232,3.47023743781668,3.46481519577552,3.43660763759506,3.39757910089446,3.41598055899025,3.43221765516338,3.37621797356001,3.39823692243889,3.40018199860592,3.3340676607127,3.33452627372559,3.32004988913542,3.28596587487189,3.24837572158512,3.26696941187183
"95897",3.08628002304322,3.14778229790281,3.19490020690897,3.23116913982615,3.27536572759103,3.33270197016105,3.34608433651795,3.37806866863995,3.41185111869137,3.47576494800951,3.50582357665634,3.53036668886834,3.57271415441236,3.60035955264402,3.60899702153438,3.63154604483392,3.64085587671206,3.64279538082073,3.64152580907093,3.62300219636363,3.6277405630885,3.60683275722309,3.58789930751776,3.61008805857055,3.60074897965205,3.57336413636244,3.58967216442511,3.58436855131599,3.60066961670863,3.57256589268598,3.5889919063274,3.60281327371746,3.57686236724996,3.59711925512575,3.6021607422804,3.58917812828563,3.58121793324422,3.57568359209171,3.56662295664066,3.55400920963962,3.52781685872749,3.50754776247823,3.51858290600082,3.48910348450255,3.46593806025556,3.47489654981029,3.45070135981265,3.43356923634569,3.41586821328563,3.4158263228653,3.38316177513976
"95898",3.04089834321712,3.10013080638462,3.15180023337455,3.19189461823226,3.22760899781262,3.27751613761328,3.30182101822,3.35168691882302,3.40341925855754,3.46304238244815,3.50669970188847,3.53769462981877,3.5768701701176,3.6024095769717,3.61716922464497,3.63698448739427,3.64856170296019,3.65017933028355,3.64957157998622,3.63477558682009,3.62789516739785,3.61611309869303,3.60330940016263,3.60614102787069,3.60385208362808,3.58323798390521,3.58444800234769,3.58595614051797,3.59464170544112,3.57878419227956,3.57903849768165,3.59107930828444,3.57295617122809,3.57949404720787,3.58140332659146,3.57315874913348,3.56602456613192,3.55918414541159,3.54406468133959,3.53064263851449,3.51036212692212,3.48832876186925,3.48490112371893,3.4672445200675,3.44760636169237,3.44307775471997,3.43026058842493,3.41068240928728,3.39131419963266,3.38676093227256,3.3706732506404
"95899",3.09567193839976,3.15038339149707,3.20323242981243,3.24959214596798,3.28760130998775,3.32279417387538,3.35056015463124,3.4022932826597,3.45812465087323,3.50807088615336,3.55620184927929,3.59374281957927,3.62749498888414,3.653620876657,3.67438928873211,3.6885720489269,3.69942224026833,3.69936915961484,3.69428936643939,3.67988082879096,3.66743830226281,3.65713281300235,3.64628858527515,3.63844858739304,3.6327020004648,3.61934089730428,3.61494507081889,3.61050399880367,3.60851512102572,3.6043494009863,3.59416519921775,3.5968013500475,3.5922291195294,3.58802146174192,3.58621182642018,3.58215429582026,3.57169136954513,3.56410456696747,3.54563540851994,3.52783198468381,3.50983497520126,3.49403433013717,3.47599735869585,3.46604404962378,3.44683435862165,3.43639404956012,3.42273269887821,3.4145351332007,3.40251806549166,3.39329798469429,3.38426940982234
"95900",2.80191523196991,2.85361043975035,2.90200123470349,2.94108807081315,2.97680093340324,3.00387067556309,3.02915907734986,3.05416085125295,3.09044819899376,3.1287624737147,3.16667210568868,3.19906910901896,3.2270869341919,3.24699320954742,3.26647438588944,3.28018924475916,3.28720576967711,3.29229216727482,3.27950336600082,3.26815605047328,3.25589876460853,3.24278022688593,3.23082202284338,3.21823511377204,3.20538902992492,3.19488791210065,3.18799011877129,3.18471992242245,3.17636858263912,3.16862305484655,3.15945218295546,3.15383292824861,3.14864633660441,3.14078473586292,3.13492040315498,3.1280196584466,3.11702823335563,3.10438322327077,3.08727111306787,3.06990110567978,3.05365441950614,3.04399103588141,3.02974280775751,3.02312823662151,3.01392072764539,3.00453763358459,2.99332172066384,2.9855795886429,2.97985902396468,2.97475746458608,2.96833221592532
"95901",2.00678213164138,2.02115913683432,2.03398755954512,2.03718215321783,2.0412954812179,2.04651719867799,2.0494365351799,2.04286560312957,2.04250533102167,2.05118691810917,2.05867376987741,2.06845503254026,2.0802625371428,2.08403963312481,2.08595969400377,2.08559977382088,2.07931594433901,2.06255942980567,2.04915960992564,2.0358410549632,2.01833956615445,1.99129690933847,1.97050403792164,1.94624870517427,1.924908678949,1.90529842271503,1.88383222272842,1.87210827573871,1.86152140381629,1.84978832274902,1.83976978971453,1.82557534292943,1.81071212614782,1.80031955178873,1.79719517089586,1.79156942570435,1.78033106213546,1.77630657977699,1.7661780456922,1.7551610848208,1.73967857800857,1.73012211837647,1.72115167300902,1.72003327282332,1.71713170550232,1.71369597780894,1.70525371150112,1.69173591505362,1.68231903888156,1.67307473786251,1.65927010291644
"95902",3.06359335171655,3.11414165015969,3.16328473759935,3.21354812574707,3.2551227723481,3.28887851216396,3.31571210336994,3.34579995520253,3.37900715217792,3.41161142683597,3.44298484765319,3.47084051508257,3.4961784524751,3.51799651223829,3.5346915646249,3.55108497765014,3.5527960142105,3.55214831362044,3.54814148722246,3.52720614919434,3.49341671229461,3.46747407347546,3.44586821714709,3.42498171229116,3.40276513937387,3.37934626122752,3.3603732541117,3.33826544979501,3.32067244188868,3.29885356656131,3.27319823593795,3.25833334743282,3.24079064489723,3.223379198288,3.20334844402461,3.1806283025091,3.16170274141361,3.14569886444931,3.12360757766561,3.11033392414029,3.10665594865556,3.10169229269639,3.08875810133725,3.08237620464947,3.07395662872206,3.06952971700495,3.06388576399675,3.05856186975982,3.04841417255242,3.03829395321096,3.03220293281516
"95903",3.24354022350089,3.30218820279048,3.35701230917146,3.40835334386015,3.45638715760875,3.50172049851219,3.54108474540513,3.57194303907504,3.60559593359593,3.6421063827783,3.6759796581765,3.70866341322977,3.73701478962048,3.76095599356463,3.7816508777458,3.80324416276781,3.81478144006769,3.81258389709994,3.77724226634567,3.7349445099466,3.69250491827663,3.651525149273,3.61753407212893,3.58923676050205,3.56189655878258,3.53330984686404,3.5053323851594,3.47902955804771,3.45209774397194,3.42441255728898,3.3955567149365,3.37040272940584,3.34326768510077,3.31551968488044,3.28973895840079,3.26327937476375,3.23343068587799,3.21070489083591,3.21223014520544,3.22188615753628,3.2266206939395,3.23097297112013,3.22651056791171,3.22132567328497,3.21356433373411,3.20892543769363,3.20222167565949,3.19698163559914,3.19050822768784,3.18244759211236,3.1760044052
"95904",3.20629662892752,3.26384175030086,3.31801750544633,3.37073186188943,3.41981362566313,3.46559179241201,3.50561513198052,3.53887274754348,3.57505589221458,3.61272948748075,3.64825311575438,3.68031597680453,3.70749568830194,3.73132431862515,3.75231934428431,3.77457604570731,3.78655590298523,3.78897829124176,3.75112690865957,3.70059198108051,3.64842759490558,3.60053223162575,3.56184277535982,3.52984656461463,3.50025488877769,3.4709514704292,3.44190761353674,3.4147727309113,3.38662010021889,3.35676657683545,3.32661060543256,3.30212004840272,3.27525726607918,3.24563402690069,3.21712829890708,3.18826788245282,3.15605918279519,3.12923518761247,3.13110248212625,3.14549429338822,3.1581167608212,3.16897326350848,3.16895744619399,3.16657677735571,3.1602742820698,3.15680996339874,3.15075431277954,3.14433766710868,3.13679053909382,3.12944421285736,3.12202708077483
"95905",3.0760740970647,3.12838362026677,3.19193744272366,3.24835922141136,3.29875850033262,3.34347705316766,3.38487273714586,3.42014139906562,3.45425987296355,3.49054340241832,3.52344761794844,3.55527520548384,3.58763133352155,3.61262048253392,3.63452188800778,3.6537985489164,3.66562890123659,3.66439740624705,3.62596547912805,3.5759911013509,3.52319160134452,3.47594074013837,3.43368675312037,3.40002402997994,3.37111365274648,3.34104165614483,3.31319847540599,3.28651001230482,3.26299013754231,3.23702949018556,3.21005930209226,3.1844382061943,3.15396765587861,3.12556325173278,3.09958704170468,3.0708744809097,3.04128242707486,3.01885082208299,3.02145213177602,3.03637874028959,3.05088105757309,3.06215247418528,3.06502362060005,3.0669164619382,3.06088866344863,3.05506023491171,3.0462297354644,3.03869192638431,3.03051869778007,3.02190420766346,3.01628858266152
"95906",2.81263852488119,2.87921258830385,2.94609706596771,3.00347614072489,3.0529985603238,3.09620250026057,3.13431212764411,3.17006067727755,3.20671445403317,3.24284889050849,3.27608711192788,3.30611014849858,3.33474161002606,3.35746066443523,3.3787492684786,3.39723182053551,3.40840656890385,3.41026552852394,3.37845506092161,3.33899221108752,3.29628734487061,3.25502269977316,3.21911383913595,3.18855423332987,3.16148583522518,3.13336739426321,3.1070034986072,3.08241728471474,3.05964135520942,3.03556332488064,3.01073687935776,2.98864285397336,2.9622123479354,2.93558709223618,2.91057040014479,2.88501200922662,2.85682514787427,2.83381945110932,2.83191415292324,2.83848401711089,2.84493766091879,2.85262668384077,2.85261736355101,2.85269415249886,2.84681337571245,2.84268905380115,2.83488731610409,2.82662216616592,2.81798665145489,2.80989307726484,2.80229242765826
"95907",2.44472714626027,2.49059289065796,2.54912139148691,2.59959396814862,2.64006516299386,2.67332239037909,2.70317736087958,2.72882227914949,2.75469802794157,2.78694602483245,2.81536159248987,2.84086500596703,2.86457421093967,2.88710481180406,2.90194221082104,2.91753828516633,2.92555871577609,2.9253361289399,2.91884777669243,2.89877114587608,2.86934244012269,2.84022290944843,2.81042002571321,2.78613835799759,2.76207626042516,2.74082496958795,2.71880519786366,2.69945922525795,2.68321535821736,2.66057937705683,2.63974450797225,2.62181668717631,2.60092116265041,2.57978719101702,2.56344927234675,2.54262195422254,2.5214501816705,2.50622185738984,2.48709186865224,2.47619971289323,2.47329451732143,2.47105190561032,2.46631958887895,2.46234502849388,2.45743681740552,2.45118946349266,2.44389245903809,2.43441792808285,2.42398996946792,2.41605938130113,2.40852580923988
"95908",1.2672786780211,1.25848254963439,1.28414774636994,1.31127629604566,1.33307437445439,1.35048652401037,1.36529810963948,1.37849527278136,1.39117858161532,1.40735182203173,1.42257215674534,1.43727578795464,1.45072204935919,1.4640139613041,1.47311247596661,1.48273840860585,1.48867160174672,1.48857521681593,1.4889907349535,1.48329451751727,1.47205016611902,1.46201533197258,1.44929426063677,1.43896399159421,1.42845481699666,1.4183401398041,1.40925838252198,1.39894131646141,1.39183509135696,1.38200293896628,1.37115849038654,1.36267284254389,1.35236449213282,1.34255718614932,1.33442174758589,1.32395783810652,1.31433486841657,1.30831696784049,1.29779039576045,1.29071971871748,1.28868692121135,1.28574831241613,1.28189785761947,1.27942937926582,1.2764565618302,1.27287380177352,1.26981921094521,1.26823965734509,1.26392388909121,1.2596153235916,1.25942168991169
"96608",3.26647699904934,3.26189205283727,3.25119074932243,3.23142175735555,3.20311326357499,3.17019240293245,3.13916705736381,3.10366872948756,3.07039118284044,3.03954910864762,3.01345722133284,2.99070328507815,2.96902723200291,2.93972541612294,2.90981016127948,2.87948844679912,2.84192559551944,2.80331962429588,2.76057902946991,2.72124902491533,2.6782782626352,2.63552958209565,2.59439390067643,2.55788019519712,2.5199595283607,2.48335605386635,2.44304873626911,2.40464828299616,2.36446259580741,2.32246423436188,2.27697454333857,2.23230535735264,2.18602408362745,2.13998180761802,2.09442675375192,2.0459028472099,1.99487581626099,1.94462498270795,1.88801945975244,1.82968770470971,1.77109339239227,1.71604323808498,1.66053459029149,1.60824052949693,1.55751724484286,1.50956839944095,1.46371116521559,1.41882552449805,1.37644143909542,1.33586309705961,1.29757381100772
"96609",2.91986146488998,2.90271524206831,2.89580721537602,2.83617610450893,2.7937545258526,2.75656334623846,2.72284379111478,2.68919900762858,2.63838176046189,2.61379901642719,2.58883203626954,2.5605780522018,2.53049396266231,2.49555249366219,2.45687933691568,2.42260897290851,2.38017494745247,2.34366009292934,2.30046852382639,2.25816173029188,2.21391129335759,2.1641481275535,2.11264903753686,2.06279917426227,2.01265651707375,1.96013422439497,1.9090719609417,1.85675897649356,1.80511372209864,1.74888836306462,1.69467437130807,1.64002624035054,1.58519592857855,1.52876008491195,1.47470253450501,1.4185705043672,1.36133949296412,1.30470008621149,1.24229055305986,1.17990903611803,1.12403797680176,1.07538566477433,1.02833016051966,0.987868696713074,0.949159414240379,0.914547181121293,0.881011131332167,0.849511284883563,0.818938584904819,0.791351972943595,0.765541424388113
"96610",2.78862658208163,2.75288790656132,2.7176114962079,2.67502883408774,2.63587803046483,2.59343023683296,2.55133548648012,2.5092429309264,2.46576716576706,2.43159228293429,2.39996851445449,2.36838722336943,2.3369860453701,2.29822425490578,2.2599268198084,2.21994853060027,2.17854340039641,2.13747863816311,2.09747593106219,2.05800193634897,2.02594934317587,1.98110453170313,1.93070131518459,1.87862560713016,1.8246683827973,1.76946945310037,1.71365580550258,1.65822747251587,1.60099590902007,1.54138457158761,1.48060465448184,1.42265885449103,1.36300448829784,1.30433977577855,1.24666131898401,1.18853392601086,1.12906030962926,1.07040616134372,1.00630705417074,0.941336469571371,0.869654182353759,0.814479536219751,0.767250663627512,0.727418921043467,0.691663869911634,0.660602533793441,0.632249939949309,0.605761794464579,0.581594675553067,0.55916655936967,0.53798158117204
"96614",2.78185621750745,2.83379210391298,2.86926913621541,2.8893930596581,2.92302488936105,2.95410721542509,2.9769039261666,3.00036631084782,3.01123578748082,3.03701729362157,3.05924515254091,3.07842945654294,3.10364997453336,3.12642741199971,3.13341334395223,3.14354851814188,3.15157781451662,3.15320879597959,3.14523382403457,3.13378696094897,3.13107111443051,3.11740440219932,3.09388509538091,3.09593446168192,3.09144547256703,3.08147362990699,3.08542052257358,3.0907159783181,3.09025425664489,3.08914901397071,3.08785291223194,3.09621187445341,3.087118231165,3.08921192133685,3.09569937749188,3.09328156276469,3.08078045513427,3.07002698193504,3.0653198277282,3.05560065559405,3.04043035419939,3.02227064015488,3.02366199671839,3.01430192284186,2.99758168290178,2.99556032202313,2.97929992910288,2.96169783306978,2.95405788072124,2.9409021151805,2.92148031757736
"96615",2.80372772413102,2.84044820486033,2.87320377996864,2.90041124019817,2.93340716079213,2.97689192551768,2.99964402875497,3.01901950247227,3.04100379395665,3.07261880148984,3.09133162703208,3.11491409369042,3.1467954645512,3.16123648030636,3.17597057031101,3.19649536431675,3.1948016903504,3.20189302556574,3.19225189170951,3.18211651912996,3.18745756461936,3.16363532386708,3.15093424041176,3.15733160660746,3.15459736733228,3.13378114389321,3.14596608007631,3.15136996399815,3.15108799720394,3.1440997126489,3.15557990808529,3.15650154331129,3.14572046481593,3.15602307118937,3.16016869094845,3.14841153555615,3.14174448375738,3.13774198014577,3.13393449419556,3.12431450136763,3.09592224633226,3.08796008337014,3.08981921680207,3.07449286972433,3.05992192447586,3.05657734722363,3.03203939894154,3.01515534561572,3.0109650795893,3.00130031907145,2.97758557100167
"96616",2.83926125181752,2.89996951581401,2.93382523339709,2.97103378186883,3.02372141375543,3.07116698902449,3.08750691852825,3.11302616924341,3.13483929542096,3.18609646499945,3.20459911257468,3.23434441832889,3.27158223800637,3.28929136131468,3.30831699173935,3.32280393778583,3.32817556655138,3.33339432470679,3.32449543805635,3.32150555359526,3.32693982391969,3.30571042967642,3.28301605435446,3.30315855761378,3.30035426477128,3.28150121825072,3.29186773252404,3.29394829362176,3.29233976861372,3.27709541457715,3.30229201108997,3.30921998270407,3.28559304239268,3.30492376934724,3.30285865038735,3.29731422292795,3.28509375955901,3.28017160745916,3.27619366183481,3.26121903950643,3.23929839106244,3.22093085105576,3.22672858484879,3.20585939113542,3.17580898111833,3.184004652009,3.15757756360524,3.1439462169914,3.14941473377271,3.13858058972891,3.09777229432849
"96617",2.86641388760545,2.90174925890168,2.94925837202539,2.9931308819422,3.03457887430145,3.04269807933022,3.08240048680004,3.12003345340949,3.17167656831166,3.21094118593398,3.24220960724871,3.28882115997121,3.30611467108603,3.31920965290722,3.33235794389561,3.3469552944936,3.35299807468894,3.3548277414016,3.35169808763964,3.35889045883385,3.3651438094609,3.35245449244471,3.36214448998179,3.3431014772849,3.32589203393003,3.35955713419681,3.34430810449743,3.35376786684544,3.33918648808446,3.35599842129126,3.34747221392029,3.32682878763641,3.35651861708442,3.34326432129964,3.32540351340673,3.32945426585554,3.3050688134005,3.29427377068135,3.27598340137183,3.25118224976725,3.23306609745791,3.23426964064904,3.19507627383519,3.17624700994608,3.18422219065105,3.15530085826095,3.15334207776169,3.12599712173928,3.12436229327832,3.09216955458312,3.09690906952346
"96618",NA,NA,NA,NA,NA,NA,NA,NA,NA,NA,NA,NA,NA,NA,NA,NA,NA,NA,NA,NA,NA,NA,NA,NA,NA,NA,NA,NA,NA,NA,NA,NA,NA,NA,NA,NA,NA,NA,NA,NA,NA,NA,NA,NA,NA,NA,NA,NA,NA,NA,NA
"96619",NA,NA,NA,NA,NA,NA,NA,NA,NA,NA,NA,NA,NA,NA,NA,NA,NA,NA,NA,NA,NA,NA,NA,NA,NA,NA,NA,NA,NA,NA,NA,NA,NA,NA,NA,NA,NA,NA,NA,NA,NA,NA,NA,NA,NA,NA,NA,NA,NA,NA,NA
"96620",3.04731495856468,3.09868666781594,3.14455893995213,3.17995599236203,3.2118468841654,3.23844235786506,3.26089821843786,3.27987622538543,3.32087106558248,3.36408174662616,3.40300053917802,3.43476727897065,3.46351078271403,3.48194126150636,3.49825805421002,3.51044089637553,3.51247327972718,3.50879495863767,3.49175739675832,3.47326768953768,3.45443054581012,3.43502281050433,3.41947093388953,3.40843564277119,3.39822984375009,3.38604437130564,3.3769516985389,3.37295429382045,3.36581590441665,3.35513114663235,3.34516705440589,3.33996205549791,3.33004832816827,3.32100353761894,3.31382371009865,3.30422083433176,3.29164734871117,3.28021905267172,3.2618323955185,3.24448709949818,3.22691695975513,3.21432062838707,3.19969788480582,3.18728501002479,3.17098901119254,3.15763306611639,3.14272260033527,3.12813594090299,3.11708201247917,3.10891664912065,3.09832541550612
"96621",3.04699735467148,3.09265456329548,3.13802208327877,3.17828683629338,3.20697673597027,3.22985816671827,3.25060997592884,3.27546092707829,3.30533056042169,3.33873948884606,3.37236457900866,3.40334397177496,3.42913395631467,3.45100311930708,3.46454935409461,3.47409182010245,3.4709348560719,3.46112842850678,3.44631631463751,3.42296626744898,3.39287480006405,3.36741127317529,3.34340662278751,3.32699274189056,3.3110427646178,3.29309821779239,3.27927775184303,3.26284519754755,3.25199589296046,3.23415211161287,3.21353858776618,3.19879078281691,3.18396968484468,3.16889864845506,3.15567594188739,3.13974136428492,3.12529726598024,3.11451659000593,3.09619793730619,3.07986127841748,3.07082291253463,3.06434691803418,3.05236940913697,3.0410567254224,3.02753562962427,3.01661532168709,3.00614720840271,2.99922154021773,2.98689604449734,2.97696754040868,2.9709053217743
"96622",3.22233362935222,3.26921331853384,3.31618377119818,3.35585356528121,3.38833201532148,3.41304813002313,3.43700292614416,3.46158642546109,3.49174715531614,3.52639808335272,3.55970138776839,3.59016441880521,3.6177545003339,3.63862593141402,3.65362840442241,3.65857677436805,3.65162819527484,3.63966724099102,3.61667558009313,3.57371400303579,3.52701174371993,3.48452957243932,3.44699697811064,3.4208001326806,3.39635747060629,3.37128657587145,3.34929501476346,3.32872305029391,3.30796083809155,3.28054508548095,3.25336977528123,3.22841445769142,3.20492709865828,3.18144991031734,3.161388384108,3.14133973391291,3.12176547933009,3.10604836453082,3.08451931237716,3.08091995766141,3.08070956642831,3.08335284180932,3.0787031739532,3.07055413758979,3.05892556166642,3.04884532483607,3.03839971819865,3.02985566374878,3.02018090075505,3.01241685748077,3.00417349899504
"96623",3.25342425216513,3.30488893849151,3.35449003582902,3.40159367957954,3.44425633315066,3.48149388587058,3.51274193957768,3.54433026382779,3.57732300429398,3.61163729381713,3.64683187024534,3.68197030780175,3.71162620766282,3.73585280663547,3.75550052385164,3.76801415855438,3.76522328446089,3.74969003734553,3.55766272457214,3.4494501762279,3.37014824974737,3.30626885096631,3.25300730598469,3.20866178888727,3.16802003620918,3.12830947581294,3.0949994328869,3.05733460520227,3.02382992848026,2.98832779623374,2.94537233165434,2.9080163062517,2.86909651322312,2.83197942949197,2.79590373701806,2.7632669958104,2.73373093678673,2.71113892193343,2.8570825732087,2.91583687137245,2.94286344746108,2.96017557371829,2.96419035908398,2.96769065556789,2.96305154549036,2.95688871989761,2.94756536627116,2.94183466148377,2.93281183937221,2.92473640760587,2.91992898853618
"96624",3.17730639840156,3.22620414457155,3.27591537140755,3.32412247112875,3.3671569398694,3.4038393839143,3.43506493177031,3.46793541917647,3.5026497860691,3.53734210135027,3.57381385005198,3.60819222944486,3.63627327454181,3.65955452975567,3.67915095931095,3.6933915167802,3.69316069376313,3.68275929265601,3.49343041053779,3.3626553346256,3.26353619197775,3.18679830643907,3.12473401948631,3.07369008307775,3.02803464087408,2.98534236464354,2.94865726643394,2.9089230973161,2.87275807303656,2.83452923996309,2.78971916895271,2.75131161798047,2.71246881740427,2.6731989421961,2.63424884898594,2.59658124328886,2.56191095850406,2.53373821847729,2.67353518525598,2.75079077099852,2.7945768004252,2.82370429485578,2.83561287649688,2.84376044498271,2.84281293947744,2.83963951228171,2.83253288793458,2.82712370973565,2.81831900706954,2.81138819287135,2.80577610103403
"96625",2.97727682993791,3.01727347660274,3.08153629198148,3.13274218248903,3.17533781830997,3.2111519223018,3.24473526548775,3.27182398740374,3.30186647903274,3.33870812599183,3.37066751471162,3.40030269905791,3.42996982145925,3.45227444964946,3.46853101272988,3.48274383112262,3.48511883458722,3.47167640253942,3.29193200898181,3.16536799781221,3.07035336420862,2.99422734917073,2.9286813481711,2.87672088269994,2.83102093386736,2.78864299072648,2.74931370797349,2.71262451627568,2.67929730210127,2.64070866224021,2.6020408224285,2.56562614201129,2.52662504807471,2.49027771964133,2.45809107270546,2.42262074058695,2.39008238097394,2.36762308121451,2.49947307985986,2.57605222464709,2.62086949882233,2.64695714478952,2.66037130195949,2.66838662461413,2.669060600119,2.66557443615514,2.65952832121199,2.65342674835447,2.64576680056168,2.63792098841347,2.63439525697055
"96626",NA,NA,NA,NA,NA,NA,NA,NA,NA,NA,NA,NA,NA,NA,NA,NA,NA,NA,NA,NA,NA,NA,NA,NA,NA,NA,NA,NA,NA,NA,NA,NA,NA,NA,NA,NA,NA,NA,NA,NA,NA,NA,NA,NA,NA,NA,NA,NA,NA,NA,NA
"96627",NA,NA,NA,NA,NA,NA,NA,NA,NA,NA,NA,NA,NA,NA,NA,NA,NA,NA,NA,NA,NA,NA,NA,NA,NA,NA,NA,NA,NA,NA,NA,NA,NA,NA,NA,NA,NA,NA,NA,NA,NA,NA,NA,NA,NA,NA,NA,NA,NA,NA,NA
"96628",NA,NA,NA,NA,NA,NA,NA,NA,NA,NA,NA,NA,NA,NA,NA,NA,NA,NA,NA,NA,NA,NA,NA,NA,NA,NA,NA,NA,NA,NA,NA,NA,NA,NA,NA,NA,NA,NA,NA,NA,NA,NA,NA,NA,NA,NA,NA,NA,NA,NA,NA
"97329",NA,NA,NA,NA,NA,NA,NA,NA,NA,NA,NA,NA,NA,NA,NA,NA,NA,NA,NA,NA,NA,NA,NA,NA,NA,NA,NA,NA,NA,NA,NA,NA,NA,NA,NA,NA,NA,NA,NA,NA,NA,NA,NA,NA,NA,NA,NA,NA,NA,NA,NA
"97330",2.27945702718134,2.23021473364318,2.15580969006616,2.09695202348671,2.0425371951273,1.99273246041387,1.94798456699078,1.89610174158336,1.84358692318421,1.80439012114365,1.76618415388377,1.72602107376994,1.68238071751477,1.63439440699635,1.58426954781495,1.54555252351097,1.50745350276432,1.47203288976728,1.43638857353143,1.40412700937183,1.31141191766414,1.22345734587926,1.13778549932048,1.0576878893864,0.979145811159871,0.903554332782858,0.829271742654838,0.758131660760569,0.689272972352833,0.620031488901336,0.552573619977551,0.48694785493332,0.422654109771097,0.359797825975124,0.299281032828267,0.239102892733168,0.179241486962164,0.122254574885458,0.0610023192502487,4.58189042262802e-13,4.58189042262802e-13,4.58189042262802e-13,4.58189042262802e-13,4.58189042262802e-13,4.58189042262802e-13,4.58189042262802e-13,4.58189042262802e-13,4.58189042262802e-13,4.58189042262802e-13,4.58189042262802e-13,4.58189042262802e-13
"97331",2.07232076303335,2.0124319450524,1.94411913233082,1.88110552942102,1.80063055657468,1.75401009334344,1.70845926364343,1.66100675119608,1.61330164141642,1.5691831126883,1.52638931112579,1.48976622275025,1.45132192731489,1.4079221150911,1.36450964143827,1.32190542291287,1.27894594331642,1.24089262449344,1.20711150647658,1.17325844150412,1.09281023027886,1.01640283446075,0.942211221532773,0.873618989989361,0.807767412431655,0.744455436077439,0.682627525366791,0.623022081720333,0.565710336188236,0.508523795177194,0.45345354092623,0.399855176162471,0.347282862880552,0.296182091372981,0.24711963304262,0.198599343081805,0.150590314085087,0.104231675419464,0.0501019330227031,-3.24917870386798e-13,-3.24917870386798e-13,-3.24917870386798e-13,-3.24917870386798e-13,-3.24917870386798e-13,-3.24917870386798e-13,-3.24917870386798e-13,-3.24917870386798e-13,-3.24917870386798e-13,-3.24917870386798e-13,-3.24917870386798e-13,-3.24917870386798e-13
"97334",2.01111203868859,2.03404609793853,2.04921793590586,2.06611673573062,2.07531448030433,2.09142504467046,2.10633171120133,2.11817377734836,2.12958812784822,2.14428558855991,2.15771219660782,2.1680858984623,2.18383081120304,2.19396525906903,2.20260529707711,2.21084327304062,2.21223023684023,2.211566487492,2.20981258228437,2.20154199009787,2.1932204946115,2.18342784280629,2.17435876557306,2.17060535878219,2.17166014958469,2.1659459069333,2.16107501942348,2.15811125480147,2.16560108933314,2.16272735489404,2.16490155442521,2.17179233491001,2.17000455659302,2.17261176277556,2.17695751985211,2.17610861012685,2.17301584664373,2.16864254964328,2.15893562033495,2.1517750356654,2.14424270268179,2.13673807089755,2.12606383130325,2.11833281188632,2.10529951070911,2.09969118158043,2.09307797587909,2.08049047202661,2.06433991559122,2.05713042245969,2.04335512902551
"97335",2.10289299794385,2.10880363729372,2.1116403313378,2.11923358931988,2.14173327583027,2.16865232759838,2.18728030527124,2.19993170820473,2.21468373894629,2.23678168775252,2.25089313871689,2.26652479546306,2.28161025008175,2.29766996222746,2.30488958475927,2.31255126283988,2.3172128092374,2.31569638177927,2.31569225558714,2.3062909241989,2.30018882903575,2.28925218196221,2.2816563802157,2.27956184970951,2.27836792710531,2.27211979511317,2.27195782536284,2.27316948720572,2.28050610234113,2.27421202577586,2.28161079299439,2.28561999347664,2.28516091941644,2.28422985671489,2.28993178299682,2.29110292211005,2.28643516522338,2.28553002148309,2.27468205251774,2.27084797079218,2.25712741634496,2.24586837413431,2.23849932062746,2.23003038134289,2.21679259346391,2.2083020435783,2.1954072224244,2.18380595193872,2.16960620972841,2.16243816825467,2.14606335780037
"97336",NA,NA,NA,NA,NA,NA,NA,NA,NA,NA,NA,NA,NA,NA,NA,NA,NA,NA,NA,NA,NA,NA,NA,NA,NA,NA,NA,NA,NA,NA,NA,NA,NA,NA,NA,NA,NA,NA,NA,NA,NA,NA,NA,NA,NA,NA,NA,NA,NA,NA,NA
"97337",2.37199277523905,2.39301717031414,2.42397923395356,2.43977722288697,2.4933700501938,2.51334586130322,2.5641287349613,2.60290424112538,2.63622792812413,2.66521175069572,2.69732537515474,2.73233061115877,2.75163881788425,2.76814111125942,2.77881297584763,2.79395233443321,2.79157364292205,2.78975454281424,2.78301372720713,2.79111871393833,2.7850421469405,2.76622727053268,2.76336500020312,2.76206693114471,2.75029220577494,2.76895074080375,2.7659370017281,2.76871122285589,2.76795397023992,2.77398698673012,2.78222745573231,2.77205476633545,2.7777919677362,2.77096521592039,2.75496853036971,2.75159426376742,2.75565472009405,2.74581106994874,2.7277684020551,2.70953400778567,2.68829344807834,2.69219230448871,2.66751359835162,2.63767202061682,2.64272271359104,2.61877075505256,2.60131563715237,2.58099830497309,2.57643118059083,2.55751405097133,2.5429178614007
"97338",2.47852594128126,2.49838215889242,2.53502077105702,2.55500204381307,2.59741835330272,2.60837813356001,2.64415084341986,2.68205435240229,2.7442131080712,2.78428222085391,2.81567550468855,2.8496678146623,2.87016412488026,2.86979400689152,2.89261325150233,2.910021722535,2.88694813573477,2.89223102855285,2.86549730231875,2.87338333371137,2.88090969422766,2.85680791984886,2.85720674908154,2.84290672448371,2.81536302550046,2.84050740809428,2.83359975528325,2.84706769366887,2.83373707916429,2.84292957031832,2.8479108250578,2.8304544586481,2.83771351416677,2.83020375929639,2.83063977671939,2.81124735869405,2.81456518739724,2.80848219042846,2.79985047333919,2.77794824183484,2.75264415642149,2.76004335329613,2.72258086827066,2.71259659391731,2.71781463812531,2.70532471003529,2.68857236988536,2.66086805999789,2.65010333740985,2.63073245144268,2.62367188632544
"97339",2.67592779522092,2.70887702686269,2.73691573561389,2.75965815860356,2.77779268682215,2.80434816530765,2.82420625284787,2.8512578660512,2.89562221443316,2.94237890671386,2.97920179839357,3.00415945158158,3.02851718934539,3.04260232128254,3.04885942603854,3.05333677271628,3.05228941082237,3.03726443219002,3.02220228251846,2.99851078756407,2.98129136718967,2.96937511737348,2.95562212903981,2.95244458931704,2.95168306415223,2.93626156916267,2.93539045733096,2.93175964662812,2.9337147975869,2.92428749265398,2.91893607505083,2.92467857843982,2.91381116897871,2.91311386581948,2.9099884161037,2.90417849545237,2.8947727157709,2.88920836446194,2.87571874253393,2.86311077544002,2.84786763547627,2.83056120189063,2.82203600477561,2.80594131598821,2.78200225298017,2.77004009245826,2.75536850148707,2.74234738298717,2.72605527616375,2.71696985643929,2.70303985542307
"97340",2.83227258491024,2.87200408956841,2.90425961519972,2.92615494240531,2.94515819700415,2.96194479690338,2.97723454420811,2.99775446479918,3.02410291977488,3.05801788397546,3.08657677556342,3.10787344578668,3.12719946803023,3.1350795980244,3.14165235934703,3.14561005810751,3.13374924439882,3.1182428626463,3.09201845293512,3.06945128534932,3.04844807038564,3.02595806907615,3.00958120384843,2.99850725626923,2.98778931615999,2.9757346876825,2.96544547317424,2.96006220699828,2.95236632337701,2.93989052168335,2.93024334896966,2.92395527677752,2.9116363979922,2.90181417734547,2.89325972044402,2.88036126588629,2.86898961518247,2.86004065738953,2.84526205683005,2.82993579010654,2.81425019222429,2.80296011931009,2.79006318174104,2.77758053533875,2.76092015662104,2.74686214518934,2.7323815354078,2.71664110189157,2.7039817764019,2.69414435106968,2.68113067270905
"97341",2.93187281566934,2.96894010366457,3.00174139700891,3.03187507552907,3.05173296281807,3.06855102955264,3.08190842608657,3.10606368523686,3.12996951945227,3.16139005465287,3.18476686818863,3.20809813331389,3.22779421721062,3.24144766698875,3.24604898893663,3.25114096706023,3.22656526344211,3.20301909712303,3.17675146015668,3.14889778734859,3.1179294079636,3.08652757843592,3.05864658528437,3.04059114547344,3.01920427012649,2.99719388572542,2.98111321721074,2.96045116297135,2.94534390083369,2.92143469139562,2.90107079880144,2.88171910475588,2.85886725458158,2.84114876013769,2.82351438090751,2.79970826802338,2.79173348321409,2.78463152234592,2.77054963819026,2.75511772904906,2.74477013051984,2.73777275009153,2.72862483920899,2.71604118552898,2.70196875350549,2.69175454209214,2.67915912477262,2.66885037529561,2.65583825159948,2.64377841541289,2.63263969599423
"97342",2.99264487204564,3.02832897076511,3.06073818177101,3.08886097419591,3.11202860572551,3.13094579293745,3.1464358518589,3.16949811372817,3.19564455265451,3.22838403181506,3.25179778098381,3.27429503155675,3.29600633255224,3.31006517063767,3.31563088754323,3.29801440046157,3.26173428789689,3.22724653846535,3.18850991578733,3.14316392977209,3.09450902113228,3.04382327224044,2.99664663022594,2.96336968453739,2.92661467855321,2.89014626568552,2.86108916546169,2.8291125446403,2.79812567676953,2.75902008042429,2.7257883531833,2.69211647534228,2.65450032994428,2.6229255327916,2.59281000407553,2.57910130753342,2.57009526160688,2.56227916353024,2.548129804856,2.53993065831929,2.53607021079514,2.53656134056439,2.53439368846263,2.52703195244893,2.51707134737539,2.50959037630024,2.49886807409473,2.48890169803646,2.4781278428445,2.46955192886769,2.4580067763785
"97343",2.98110544407464,3.02000709700057,3.05214508244177,3.08587974089748,3.11555667769005,3.14390864477189,3.16555262385606,3.19127818221,3.21878465050542,3.25023107075946,3.27508051631292,3.30016922229553,3.32245461644107,3.33904045099618,3.34849874976238,3.33663741308752,3.29998014546451,3.25395209095483,3.1919527510089,3.10449590894114,3.01724028580088,2.93477766335795,2.85857236725522,2.79415290454613,2.73013217587695,2.66619940059951,2.6108609698336,2.55278290869403,2.49720886401005,2.4379109515586,2.37799870542415,2.32063864770338,2.25882896272633,2.20231918780894,2.1477226332816,2.11243324106794,2.08574159603742,2.06781801357824,2.06263142431629,2.07996156729125,2.09655629994741,2.11056595066283,2.11724631872846,2.12190611498917,2.12055595497176,2.11825757312083,2.11208122388439,2.10483951124512,2.09656995904184,2.08912158496053,2.08179023022198
"97344",2.86386328312728,2.90056017096567,2.93152459366818,2.96382534324243,2.99050829091152,3.01470076476697,3.03439659964359,3.05668407787925,3.08305366310157,3.11239385663916,3.13698746091873,3.15994050844435,3.17954000060051,3.19341184704619,3.20237478571728,3.20419412368378,3.17443879244147,3.13360461037429,3.06809880709511,2.9711240535331,2.86979829061474,2.77577786001124,2.69116508169005,2.61881999321141,2.55020718592515,2.48382498425796,2.42368192692094,2.36454155308237,2.30681804746253,2.24641898081828,2.18578671611775,2.12757850290892,2.06733079027455,2.00974957871637,1.9530342814629,1.89944441320819,1.86367526131113,1.83874529920488,1.83186421154561,1.85329250200133,1.87977391497575,1.90387349905398,1.91872945619734,1.92890692078193,1.9322106784304,1.93353609947654,1.93057993547355,1.9248271759907,1.91781301284894,1.91182885093732,1.9047863650156
"97345",2.62412154610938,2.65674164940646,2.6999987540943,2.73447318912442,2.7601597314903,2.7814712948665,2.80254722854998,2.81481620258797,2.84125334314591,2.87233816616745,2.89712045454721,2.91764640483464,2.93804574727166,2.95074120640674,2.95769620099581,2.9609225623222,2.93869085393403,2.89904568413177,2.83535304557314,2.74447370886615,2.64853256635472,2.55792081085576,2.47359788741519,2.40128492428651,2.33490850966576,2.27180256033257,2.21161475726142,2.1568698884851,2.10452080410188,2.04799945117447,1.99390058791987,1.94105071171427,1.8852457358391,1.83158256635065,1.78170754554592,1.73057955861879,1.69541947203259,1.67250907521749,1.66570751109807,1.68601512661652,1.71224120247903,1.73534888822352,1.75099242113278,1.76186352469265,1.76647415706848,1.768435002576,1.76660561109696,1.76163808387634,1.7556923630628,1.74994858915688,1.7441023134306
"97346",NA,NA,NA,NA,NA,NA,NA,NA,NA,NA,NA,NA,NA,NA,NA,NA,NA,NA,NA,NA,NA,NA,NA,NA,NA,NA,NA,NA,NA,NA,NA,NA,NA,NA,NA,NA,NA,NA,NA,NA,NA,NA,NA,NA,NA,NA,NA,NA,NA,NA,NA
"97347",NA,NA,NA,NA,NA,NA,NA,NA,NA,NA,NA,NA,NA,NA,NA,NA,NA,NA,NA,NA,NA,NA,NA,NA,NA,NA,NA,NA,NA,NA,NA,NA,NA,NA,NA,NA,NA,NA,NA,NA,NA,NA,NA,NA,NA,NA,NA,NA,NA,NA,NA
"97348",NA,NA,NA,NA,NA,NA,NA,NA,NA,NA,NA,NA,NA,NA,NA,NA,NA,NA,NA,NA,NA,NA,NA,NA,NA,NA,NA,NA,NA,NA,NA,NA,NA,NA,NA,NA,NA,NA,NA,NA,NA,NA,NA,NA,NA,NA,NA,NA,NA,NA,NA
"98049",NA,NA,NA,NA,NA,NA,NA,NA,NA,NA,NA,NA,NA,NA,NA,NA,NA,NA,NA,NA,NA,NA,NA,NA,NA,NA,NA,NA,NA,NA,NA,NA,NA,NA,NA,NA,NA,NA,NA,NA,NA,NA,NA,NA,NA,NA,NA,NA,NA,NA,NA
"98050",NA,NA,NA,NA,NA,NA,NA,NA,NA,NA,NA,NA,NA,NA,NA,NA,NA,NA,NA,NA,NA,NA,NA,NA,NA,NA,NA,NA,NA,NA,NA,NA,NA,NA,NA,NA,NA,NA,NA,NA,NA,NA,NA,NA,NA,NA,NA,NA,NA,NA,NA
"98051",NA,NA,NA,NA,NA,NA,NA,NA,NA,NA,NA,NA,NA,NA,NA,NA,NA,NA,NA,NA,NA,NA,NA,NA,NA,NA,NA,NA,NA,NA,NA,NA,NA,NA,NA,NA,NA,NA,NA,NA,NA,NA,NA,NA,NA,NA,NA,NA,NA,NA,NA
"98052",NA,NA,NA,NA,NA,NA,NA,NA,NA,NA,NA,NA,NA,NA,NA,NA,NA,NA,NA,NA,NA,NA,NA,NA,NA,NA,NA,NA,NA,NA,NA,NA,NA,NA,NA,NA,NA,NA,NA,NA,NA,NA,NA,NA,NA,NA,NA,NA,NA,NA,NA
"98053",NA,NA,NA,NA,NA,NA,NA,NA,NA,NA,NA,NA,NA,NA,NA,NA,NA,NA,NA,NA,NA,NA,NA,NA,NA,NA,NA,NA,NA,NA,NA,NA,NA,NA,NA,NA,NA,NA,NA,NA,NA,NA,NA,NA,NA,NA,NA,NA,NA,NA,NA
"98055",NA,NA,NA,NA,NA,NA,NA,NA,NA,NA,NA,NA,NA,NA,NA,NA,NA,NA,NA,NA,NA,NA,NA,NA,NA,NA,NA,NA,NA,NA,NA,NA,NA,NA,NA,NA,NA,NA,NA,NA,NA,NA,NA,NA,NA,NA,NA,NA,NA,NA,NA
"98056",NA,NA,NA,NA,NA,NA,NA,NA,NA,NA,NA,NA,NA,NA,NA,NA,NA,NA,NA,NA,NA,NA,NA,NA,NA,NA,NA,NA,NA,NA,NA,NA,NA,NA,NA,NA,NA,NA,NA,NA,NA,NA,NA,NA,NA,NA,NA,NA,NA,NA,NA
"98057",NA,NA,NA,NA,NA,NA,NA,NA,NA,NA,NA,NA,NA,NA,NA,NA,NA,NA,NA,NA,NA,NA,NA,NA,NA,NA,NA,NA,NA,NA,NA,NA,NA,NA,NA,NA,NA,NA,NA,NA,NA,NA,NA,NA,NA,NA,NA,NA,NA,NA,NA
"98058",NA,NA,NA,NA,NA,NA,NA,NA,NA,NA,NA,NA,NA,NA,NA,NA,NA,NA,NA,NA,NA,NA,NA,NA,NA,NA,NA,NA,NA,NA,NA,NA,NA,NA,NA,NA,NA,NA,NA,NA,NA,NA,NA,NA,NA,NA,NA,NA,NA,NA,NA
"98059",2.14066657533185,2.14800640372792,2.15192574096608,2.14028944125324,2.12436357156219,2.18485846526324,2.18943998256346,2.2050024057433,2.22206796650474,2.23440569370404,2.24599838869599,2.24382872414162,2.24457711008302,2.24072995849226,2.22564347110908,2.20307645521513,2.18209764826905,2.14576322349692,2.12687424367047,2.1071584415543,2.09162352547189,2.07660861445767,2.06305309758681,2.05816201392693,2.05628098798731,2.04336658665759,2.03773416003347,2.03378523941872,2.03548266142077,2.03003473983015,2.02043449626445,2.02462900526065,2.0177314937852,2.01211120360909,2.01325726604446,2.01347238190826,1.99916930921087,1.99937972388711,1.98820647211002,1.9788117646445,1.97487733680353,1.96293657880545,1.95249943362071,1.94433111732193,1.92858268534197,1.91640291113979,1.90539923923938,1.89465318762536,1.87730232491981,1.86973109208543,1.86023294199814
"98060",2.3653913981776,2.38098259247126,2.3786642450582,2.37501877601699,2.3668160095353,2.36948498095333,2.42551766854918,2.42019734021836,2.42430672804611,2.43589946946239,2.43120520890779,2.42926789521493,2.41477326358332,2.40410547153702,2.37868200733458,2.35849736597213,2.31800940828206,2.27325021398622,2.24672068335214,2.22594763551052,2.20412961861036,2.19108396393732,2.17384148120491,2.161874871043,2.14978550029697,2.13510754643465,2.12740886772908,2.11467114074843,2.10563246324512,2.0943558758532,2.08699588003444,2.07358706265822,2.06422594967201,2.05222579482159,2.0432309572299,2.02798782884709,2.02559411438903,2.02086970690004,2.009728029961,2.00301860386088,1.99389180268247,1.98338299576414,1.97396827068486,1.96190615088833,1.94828305109891,1.94342188770037,1.92867830978529,1.91591661170477,1.90589736345232,1.89247293908661,1.88224498264727
"98061",2.51023707653367,2.5201357329327,2.55425251958683,2.55840753608615,2.54522206467025,2.55430354204053,2.59025169986215,2.60868655885062,2.63011043736357,2.62105983753559,2.63890057481395,2.64093821101407,2.63754638487559,2.62587239072417,2.61912726403029,2.53958217026223,2.51880155823276,2.46110148497183,2.43728494652297,2.41871785151552,2.38635786702925,2.36257789882098,2.33836445216364,2.30251071341069,2.28764541581692,2.27344987105346,2.24265230380088,2.22552803271588,2.20034074332543,2.18967186700763,2.15024685412036,2.12907814446578,2.11903481063296,2.0915004519898,2.06657633371882,2.10698163335196,2.09945976299036,2.10157622412874,2.08813765362807,2.0806162803765,2.07763949803349,2.07794099134701,2.05633675159919,2.05189405033566,2.04046043450018,2.01902851923035,2.00733740800865,1.99506932277782,1.97586130204116,1.96729956140562,1.97059916018586
"98062",2.56768921667172,2.57674656183285,2.58527373121942,2.6041166717167,2.59596981032902,2.60046493803848,2.64945051716665,2.67407146266982,2.69005039877947,2.69075740644892,2.71057961954887,2.72265131016648,2.71717509825362,2.707322536656,2.71142593942741,2.57851225075743,2.48545187298859,2.4171268273466,2.36155926284376,2.32135176445507,2.26554120600198,2.21921395100329,2.18226649376607,2.12062292332935,2.08131891641988,2.04810582066365,1.98829473126249,1.93807823820198,1.89751250101285,1.86220152982443,1.80517043286917,1.75378910343504,1.71847570250784,1.66257492960361,1.60739586485509,1.69542393544064,1.73055099999686,1.7389318631154,1.73474243973878,1.7236972129924,1.72269532929965,1.72222984172114,1.70730337279549,1.70386629089082,1.69516568936369,1.68155661896811,1.67418860351863,1.66316386922611,1.65498559770755,1.64076519348896,1.64045689400658
"98063",2.50151379676172,2.49105983994604,2.51979451766815,2.52226947245721,2.50875464152691,2.5219274113872,2.55037064995459,2.58276588964665,2.60440054643403,2.61186960795163,2.62010486395411,2.6280400685495,2.63136541643216,2.62495636696305,2.62497003437658,2.47949007686304,2.35382811941713,2.21581756870524,2.07459391170598,1.94458146309148,1.80831481995142,1.67591845606297,1.54961979757602,1.41647392252873,1.2842337120429,1.16485964588435,1.03076856580323,0.901088254762064,0.76868470271096,0.641718022716002,0.51128765190357,0.379206518353783,0.25961360280609,0.133185280536325,-4.42235137398939e-13,-4.42235137398939e-13,-4.42235137398939e-13,-4.42235137398939e-13,-4.42235137398939e-13,-4.42235137398939e-13,-4.42235137398939e-13,-4.42235137398939e-13,-4.42235137398939e-13,-4.42235137398939e-13,-4.42235137398939e-13,-4.42235137398939e-13,-4.42235137398939e-13,-4.42235137398939e-13,-4.42235137398939e-13,-4.42235137398939e-13,-4.42235137398939e-13
"98064",2.32156912290448,2.32039228302355,2.33235135939555,2.32732012701332,2.30890012066269,2.30434371608752,2.32420602763941,2.33269902098942,2.34113776687486,2.33350755506112,2.33901407312135,2.3459254865893,2.34005019311014,2.32678571903895,2.30681634579129,2.28477838573078,2.16225430598429,2.02771299441446,1.88235892289742,1.76343996553639,1.64122905153899,1.52913965374929,1.4169760849959,1.30142850416493,1.1876105206451,1.07984492469645,0.96820849206685,0.855809373603684,0.747086688629631,0.643213139049509,0.529330875383521,0.420772592418032,0.318781789430553,0.207328435566501,0.1009872646324,4.67581529051131e-13,4.67581529051131e-13,4.67581529051131e-13,4.67581529051131e-13,4.67581529051131e-13,4.67581529051131e-13,4.67581529051131e-13,4.67581529051131e-13,4.67581529051131e-13,4.67581529051131e-13,4.67581529051131e-13,4.67581529051131e-13,4.67581529051131e-13,4.67581529051131e-13,4.67581529051131e-13,4.67581529051131e-13
"98065",2.07041972374791,2.08829569869886,2.09624923085164,2.09864672172414,2.08714914665407,2.09048426312441,2.09424375474404,2.09859872582993,2.10773134510805,2.12365680892696,2.13360971414691,2.14044002641795,2.14083682167203,2.13417411946767,2.1187142555615,2.1005365368659,1.97499653150199,1.85026398128565,1.73456571082643,1.61821815021784,1.50525802633395,1.39525238360131,1.28512088050368,1.18306534368951,1.08198722525009,0.98013236533499,0.879827104575529,0.781525374337425,0.683580598167374,0.582883665413158,0.484631284923707,0.385995387232965,0.286718347304917,0.190319408237147,0.0954100339281698,1.47315493137512e-13,1.47315493137512e-13,1.47315493137512e-13,1.47315493137512e-13,1.47315493137512e-13,1.47315493137512e-13,1.47315493137512e-13,1.47315493137512e-13,1.47315493137512e-13,1.47315493137512e-13,1.47315493137512e-13,1.47315493137512e-13,1.47315493137512e-13,1.47315493137512e-13,1.47315493137512e-13,1.47315493137512e-13
"98066",1.75612943767192,1.79822911362315,1.8176712320035,1.82310043396379,1.81380229066275,1.81248803337753,1.8092734449475,1.81102974544935,1.82362134965884,1.83516640884449,1.84175313690377,1.84426988869194,1.8407108932506,1.83166880766324,1.81678239273415,1.79872116568486,1.69111821304004,1.58247029835571,1.4796141799379,1.380078048111,1.28180458772912,1.18716810330401,1.09312627091215,1.00439599278206,0.91754421330016,0.831430464499429,0.745470177540878,0.661249748500907,0.57783064031239,0.49348533502837,0.409115055144902,0.325908225653124,0.243217969717425,0.161089478678741,0.0807147088623701,3.92574861507455e-13,3.92574861507455e-13,3.92574861507455e-13,3.92574861507455e-13,3.92574861507455e-13,3.92574861507455e-13,3.92574861507455e-13,3.92574861507455e-13,3.92574861507455e-13,3.92574861507455e-13,3.92574861507455e-13,3.92574861507455e-13,3.92574861507455e-13,3.92574861507455e-13,3.92574861507455e-13,3.92574861507455e-13
"98067",1.32944828691252,1.36238375707461,1.37588368059862,1.37491617206399,1.36104719145494,1.34102889043625,1.31883150523352,1.30033665079356,1.29529636275772,1.29306999033424,1.2880934967783,1.28061892177686,1.27018040801549,1.25644356819578,1.23967362091643,1.22192552318475,1.19440259335974,1.15593310921181,1.11919716580447,1.0821973912293,1.04283847829121,1.00250076320305,0.961888364085714,0.923251626946641,0.885605252181102,0.84887805076105,0.81285955606998,0.778387030347052,0.745340176042098,0.711705394007479,0.678472979049236,0.646629283018785,0.614819280759596,0.583493569983162,0.553027636000045,0.522390847769322,0.49626722676737,0.480252367288544,0.466864920923625,0.457335977518651,0.451601845810699,0.449295200137868,0.44784887157973,0.447538446763333,0.44706087919178,0.447091909556221,0.446696850463041,0.445487770397736,0.443626325063453,0.441840941809719,0.439444557375941
"98068",0.710907921378384,0.70835238298164,0.694059450810538,0.672470897134599,0.644104974208799,0.609676445948029,0.570863148081533,0.532326774563222,0.506362220539797,0.487001980300957,0.470501489757275,0.455450754583037,0.441037507324592,0.425707823286923,0.410628039906509,0.399510375111876,0.388481404737776,0.376441634404063,0.362725453251758,0.349643387237977,0.336420891222492,0.323065946648266,0.310085212776415,0.297695280950401,0.285451870463538,0.273484925324303,0.261552007325762,0.250188750281297,0.239199704875812,0.228276899972238,0.21761907235185,0.207452499461639,0.197272131166151,0.187193141220967,0.177520829072235,0.167912957600643,0.158499597455746,0.150843083338689,0.144256682080872,0.139148810101108,0.135354304176858,0.132972697471508,0.131227285576839,0.130221237054472,0.129477348518741,0.129134963853189,0.128810272329264,0.128348257021398,0.127806871576604,0.127266798475216,0.126524130685443
"98768",NA,NA,NA,NA,NA,NA,NA,NA,NA,NA,NA,NA,NA,NA,NA,NA,NA,NA,NA,NA,NA,NA,NA,NA,NA,NA,NA,NA,NA,NA,NA,NA,NA,NA,NA,NA,NA,NA,NA,NA,NA,NA,NA,NA,NA,NA,NA,NA,NA,NA,NA
"98769",NA,NA,NA,NA,NA,NA,NA,NA,NA,NA,NA,NA,NA,NA,NA,NA,NA,NA,NA,NA,NA,NA,NA,NA,NA,NA,NA,NA,NA,NA,NA,NA,NA,NA,NA,NA,NA,NA,NA,NA,NA,NA,NA,NA,NA,NA,NA,NA,NA,NA,NA
"98770",NA,NA,NA,NA,NA,NA,NA,NA,NA,NA,NA,NA,NA,NA,NA,NA,NA,NA,NA,NA,NA,NA,NA,NA,NA,NA,NA,NA,NA,NA,NA,NA,NA,NA,NA,NA,NA,NA,NA,NA,NA,NA,NA,NA,NA,NA,NA,NA,NA,NA,NA
"98771",NA,NA,NA,NA,NA,NA,NA,NA,NA,NA,NA,NA,NA,NA,NA,NA,NA,NA,NA,NA,NA,NA,NA,NA,NA,NA,NA,NA,NA,NA,NA,NA,NA,NA,NA,NA,NA,NA,NA,NA,NA,NA,NA,NA,NA,NA,NA,NA,NA,NA,NA
"98772",NA,NA,NA,NA,NA,NA,NA,NA,NA,NA,NA,NA,NA,NA,NA,NA,NA,NA,NA,NA,NA,NA,NA,NA,NA,NA,NA,NA,NA,NA,NA,NA,NA,NA,NA,NA,NA,NA,NA,NA,NA,NA,NA,NA,NA,NA,NA,NA,NA,NA,NA
"98773",NA,NA,NA,NA,NA,NA,NA,NA,NA,NA,NA,NA,NA,NA,NA,NA,NA,NA,NA,NA,NA,NA,NA,NA,NA,NA,NA,NA,NA,NA,NA,NA,NA,NA,NA,NA,NA,NA,NA,NA,NA,NA,NA,NA,NA,NA,NA,NA,NA,NA,NA
"98775",NA,NA,NA,NA,NA,NA,NA,NA,NA,NA,NA,NA,NA,NA,NA,NA,NA,NA,NA,NA,NA,NA,NA,NA,NA,NA,NA,NA,NA,NA,NA,NA,NA,NA,NA,NA,NA,NA,NA,NA,NA,NA,NA,NA,NA,NA,NA,NA,NA,NA,NA
"98776",NA,NA,NA,NA,NA,NA,NA,NA,NA,NA,NA,NA,NA,NA,NA,NA,NA,NA,NA,NA,NA,NA,NA,NA,NA,NA,NA,NA,NA,NA,NA,NA,NA,NA,NA,NA,NA,NA,NA,NA,NA,NA,NA,NA,NA,NA,NA,NA,NA,NA,NA
"98777",NA,NA,NA,NA,NA,NA,NA,NA,NA,NA,NA,NA,NA,NA,NA,NA,NA,NA,NA,NA,NA,NA,NA,NA,NA,NA,NA,NA,NA,NA,NA,NA,NA,NA,NA,NA,NA,NA,NA,NA,NA,NA,NA,NA,NA,NA,NA,NA,NA,NA,NA
"98778",NA,NA,NA,NA,NA,NA,NA,NA,NA,NA,NA,NA,NA,NA,NA,NA,NA,NA,NA,NA,NA,NA,NA,NA,NA,NA,NA,NA,NA,NA,NA,NA,NA,NA,NA,NA,NA,NA,NA,NA,NA,NA,NA,NA,NA,NA,NA,NA,NA,NA,NA
"98779",NA,NA,NA,NA,NA,NA,NA,NA,NA,NA,NA,NA,NA,NA,NA,NA,NA,NA,NA,NA,NA,NA,NA,NA,NA,NA,NA,NA,NA,NA,NA,NA,NA,NA,NA,NA,NA,NA,NA,NA,NA,NA,NA,NA,NA,NA,NA,NA,NA,NA,NA
"98780",NA,NA,NA,NA,NA,NA,NA,NA,NA,NA,NA,NA,NA,NA,NA,NA,NA,NA,NA,NA,NA,NA,NA,NA,NA,NA,NA,NA,NA,NA,NA,NA,NA,NA,NA,NA,NA,NA,NA,NA,NA,NA,NA,NA,NA,NA,NA,NA,NA,NA,NA
"98781",NA,NA,NA,NA,NA,NA,NA,NA,NA,NA,NA,NA,NA,NA,NA,NA,NA,NA,NA,NA,NA,NA,NA,NA,NA,NA,NA,NA,NA,NA,NA,NA,NA,NA,NA,NA,NA,NA,NA,NA,NA,NA,NA,NA,NA,NA,NA,NA,NA,NA,NA
"98782",NA,NA,NA,NA,NA,NA,NA,NA,NA,NA,NA,NA,NA,NA,NA,NA,NA,NA,NA,NA,NA,NA,NA,NA,NA,NA,NA,NA,NA,NA,NA,NA,NA,NA,NA,NA,NA,NA,NA,NA,NA,NA,NA,NA,NA,NA,NA,NA,NA,NA,NA
"98783",NA,NA,NA,NA,NA,NA,NA,NA,NA,NA,NA,NA,NA,NA,NA,NA,NA,NA,NA,NA,NA,NA,NA,NA,NA,NA,NA,NA,NA,NA,NA,NA,NA,NA,NA,NA,NA,NA,NA,NA,NA,NA,NA,NA,NA,NA,NA,NA,NA,NA,NA
"98784",NA,NA,NA,NA,NA,NA,NA,NA,NA,NA,NA,NA,NA,NA,NA,NA,NA,NA,NA,NA,NA,NA,NA,NA,NA,NA,NA,NA,NA,NA,NA,NA,NA,NA,NA,NA,NA,NA,NA,NA,NA,NA,NA,NA,NA,NA,NA,NA,NA,NA,NA
"98785",NA,NA,NA,NA,NA,NA,NA,NA,NA,NA,NA,NA,NA,NA,NA,NA,NA,NA,NA,NA,NA,NA,NA,NA,NA,NA,NA,NA,NA,NA,NA,NA,NA,NA,NA,NA,NA,NA,NA,NA,NA,NA,NA,NA,NA,NA,NA,NA,NA,NA,NA
"98786",NA,NA,NA,NA,NA,NA,NA,NA,NA,NA,NA,NA,NA,NA,NA,NA,NA,NA,NA,NA,NA,NA,NA,NA,NA,NA,NA,NA,NA,NA,NA,NA,NA,NA,NA,NA,NA,NA,NA,NA,NA,NA,NA,NA,NA,NA,NA,NA,NA,NA,NA
"98787",NA,NA,NA,NA,NA,NA,NA,NA,NA,NA,NA,NA,NA,NA,NA,NA,NA,NA,NA,NA,NA,NA,NA,NA,NA,NA,NA,NA,NA,NA,NA,NA,NA,NA,NA,NA,NA,NA,NA,NA,NA,NA,NA,NA,NA,NA,NA,NA,NA,NA,NA
"98788",NA,NA,NA,NA,NA,NA,NA,NA,NA,NA,NA,NA,NA,NA,NA,NA,NA,NA,NA,NA,NA,NA,NA,NA,NA,NA,NA,NA,NA,NA,NA,NA,NA,NA,NA,NA,NA,NA,NA,NA,NA,NA,NA,NA,NA,NA,NA,NA,NA,NA,NA
"99486",NA,NA,NA,NA,NA,NA,NA,NA,NA,NA,NA,NA,NA,NA,NA,NA,NA,NA,NA,NA,NA,NA,NA,NA,NA,NA,NA,NA,NA,NA,NA,NA,NA,NA,NA,NA,NA,NA,NA,NA,NA,NA,NA,NA,NA,NA,NA,NA,NA,NA,NA
"99487",NA,NA,NA,NA,NA,NA,NA,NA,NA,NA,NA,NA,NA,NA,NA,NA,NA,NA,NA,NA,NA,NA,NA,NA,NA,NA,NA,NA,NA,NA,NA,NA,NA,NA,NA,NA,NA,NA,NA,NA,NA,NA,NA,NA,NA,NA,NA,NA,NA,NA,NA
"99489",NA,NA,NA,NA,NA,NA,NA,NA,NA,NA,NA,NA,NA,NA,NA,NA,NA,NA,NA,NA,NA,NA,NA,NA,NA,NA,NA,NA,NA,NA,NA,NA,NA,NA,NA,NA,NA,NA,NA,NA,NA,NA,NA,NA,NA,NA,NA,NA,NA,NA,NA
"99490",NA,NA,NA,NA,NA,NA,NA,NA,NA,NA,NA,NA,NA,NA,NA,NA,NA,NA,NA,NA,NA,NA,NA,NA,NA,NA,NA,NA,NA,NA,NA,NA,NA,NA,NA,NA,NA,NA,NA,NA,NA,NA,NA,NA,NA,NA,NA,NA,NA,NA,NA
"99491",NA,NA,NA,NA,NA,NA,NA,NA,NA,NA,NA,NA,NA,NA,NA,NA,NA,NA,NA,NA,NA,NA,NA,NA,NA,NA,NA,NA,NA,NA,NA,NA,NA,NA,NA,NA,NA,NA,NA,NA,NA,NA,NA,NA,NA,NA,NA,NA,NA,NA,NA
"99492",NA,NA,NA,NA,NA,NA,NA,NA,NA,NA,NA,NA,NA,NA,NA,NA,NA,NA,NA,NA,NA,NA,NA,NA,NA,NA,NA,NA,NA,NA,NA,NA,NA,NA,NA,NA,NA,NA,NA,NA,NA,NA,NA,NA,NA,NA,NA,NA,NA,NA,NA
"99493",NA,NA,NA,NA,NA,NA,NA,NA,NA,NA,NA,NA,NA,NA,NA,NA,NA,NA,NA,NA,NA,NA,NA,NA,NA,NA,NA,NA,NA,NA,NA,NA,NA,NA,NA,NA,NA,NA,NA,NA,NA,NA,NA,NA,NA,NA,NA,NA,NA,NA,NA
"99495",NA,NA,NA,NA,NA,NA,NA,NA,NA,NA,NA,NA,NA,NA,NA,NA,NA,NA,NA,NA,NA,NA,NA,NA,NA,NA,NA,NA,NA,NA,NA,NA,NA,NA,NA,NA,NA,NA,NA,NA,NA,NA,NA,NA,NA,NA,NA,NA,NA,NA,NA
"99499",NA,NA,NA,NA,NA,NA,NA,NA,NA,NA,NA,NA,NA,NA,NA,NA,NA,NA,NA,NA,NA,NA,NA,NA,NA,NA,NA,NA,NA,NA,NA,NA,NA,NA,NA,NA,NA,NA,NA,NA,NA,NA,NA,NA,NA,NA,NA,NA,NA,NA,NA
"99500",1.16929392839957,1.19265544785103,1.18273232460938,1.15263260160135,1.10575829266026,1.06277060499336,1.02758140697085,0.990298067722837,0.949016346324957,0.906337391935653,0.857197330082122,0.805438333705465,0.74900652135782,0.68511650472825,0.623258745090731,0.564961201266016,0.505063581784933,0.444241807488849,0.391161017836276,0.356150646312664,0.333020497969978,0.317541262651439,0.30637423458598,0.298397569960409,0.291857945734765,0.285952010148899,0.280453240759197,0.275253550251625,0.270489549307547,0.265247182384321,0.262040139636301,0.25728409801901,0.251433662728583,0.245639709628376,0.239866831221023,0.234276183070612,0.228648827158935,0.223812510992715,0.218964060227921,0.2148624773811,0.211348992399695,0.208444726048178,0.205331628912087,0.202805273390153,0.200246645105293,0.198069845378171,0.196026723031268,0.193778044751378,0.191203428375344,0.188714525816229,0.183983144960403
"99501",1.47945019810577,1.47745302424404,1.46192103111305,1.43391882340022,1.3984373765782,1.36234213134509,1.34415386278136,1.32610976585842,1.30537157832957,1.27983523835724,1.25369474272929,1.21709834034281,1.18075351142432,1.14506504159862,1.10360481342488,1.06769930739178,1.02837451520863,0.986780518499673,0.937271672333613,0.913096664081571,0.896929282187012,0.883444676274869,0.871049742804751,0.859353285861303,0.847004494176519,0.833346566769052,0.819272138664538,0.805701129880796,0.791605873384231,0.776811030322192,0.752258215365631,0.733368240002002,0.714921083581076,0.696123441410033,0.680283192255877,0.66430585713978,0.648511168139015,0.638473356286547,0.628586312446872,0.620445904982956,0.613105934441952,0.606636599446323,0.600645968150905,0.595052819860365,0.589053044958447,0.585020221037149,0.580290527961618,0.574615072167578,0.569477135784899,0.56407408371014,0.567823653391054
"99502",1.5519362105777,1.52355023796619,1.49469469882502,1.45993710780888,1.41831070444168,1.37911391410239,1.36223374020889,1.34925066774059,1.33303978600836,1.31614256707771,1.29476120193897,1.27411326852735,1.24965403178003,1.22470217629294,1.20272938542919,1.17863768770105,1.14708120867419,1.10897194573476,1.06372794874435,1.04279397106929,1.02780127735334,1.01279126636926,0.995338859806443,0.97791112235265,0.958637714063594,0.939203846668753,0.917902378669534,0.896378839272716,0.875350406211301,0.85071792544698,0.807185109054851,0.774940588156187,0.744128329270615,0.71737216821344,0.691876744912309,0.668913809636616,0.649787870152562,0.636700123902919,0.624950790840263,0.615224759192502,0.606844060259791,0.599788723745301,0.592270110852978,0.586925146496595,0.580916003512608,0.575783264977092,0.570672968755391,0.565024016067347,0.559275695987264,0.554642853480011,0.568813146214026
"99503",NA,NA,NA,NA,NA,NA,NA,NA,NA,NA,NA,NA,NA,NA,NA,NA,NA,NA,NA,NA,NA,NA,NA,NA,NA,NA,NA,NA,NA,NA,NA,NA,NA,NA,NA,NA,NA,NA,NA,NA,NA,NA,NA,NA,NA,NA,NA,NA,NA,NA,NA
"99504",NA,NA,NA,NA,NA,NA,NA,NA,NA,NA,NA,NA,NA,NA,NA,NA,NA,NA,NA,NA,NA,NA,NA,NA,NA,NA,NA,NA,NA,NA,NA,NA,NA,NA,NA,NA,NA,NA,NA,NA,NA,NA,NA,NA,NA,NA,NA,NA,NA,NA,NA
"99505",NA,NA,NA,NA,NA,NA,NA,NA,NA,NA,NA,NA,NA,NA,NA,NA,NA,NA,NA,NA,NA,NA,NA,NA,NA,NA,NA,NA,NA,NA,NA,NA,NA,NA,NA,NA,NA,NA,NA,NA,NA,NA,NA,NA,NA,NA,NA,NA,NA,NA,NA
"99506",NA,NA,NA,NA,NA,NA,NA,NA,NA,NA,NA,NA,NA,NA,NA,NA,NA,NA,NA,NA,NA,NA,NA,NA,NA,NA,NA,NA,NA,NA,NA,NA,NA,NA,NA,NA,NA,NA,NA,NA,NA,NA,NA,NA,NA,NA,NA,NA,NA,NA,NA
"99507",NA,NA,NA,NA,NA,NA,NA,NA,NA,NA,NA,NA,NA,NA,NA,NA,NA,NA,NA,NA,NA,NA,NA,NA,NA,NA,NA,NA,NA,NA,NA,NA,NA,NA,NA,NA,NA,NA,NA,NA,NA,NA,NA,NA,NA,NA,NA,NA,NA,NA,NA
"99508",0.777294144008192,0.707120991725702,0.642412534078169,0.580474906248567,0.514001449650443,0.448310723895333,0.385913284241022,0.331277185084976,0.279316025401466,0.238269636765531,0.203525223743856,0.17332338262564,0.14595358163692,0.120586550989004,0.0975057561872465,0.0738683340248961,0.0559266579232814,0.042537243151966,0.0273127748809298,0.0164403632365358,0.0087729759233609,0.00357915836419955,3.07060626925093e-13,3.07060626925093e-13,3.07060626925093e-13,3.07060626925093e-13,3.07060626925093e-13,3.07060626925093e-13,3.07060626925093e-13,3.07060626925093e-13,3.07060626925093e-13,3.07060626925093e-13,3.07060626925093e-13,3.07060626925093e-13,3.07060626925093e-13,3.07060626925093e-13,3.07060626925093e-13,3.07060626925093e-13,3.07060626925093e-13,3.07060626925093e-13,3.07060626925093e-13,3.07060626925093e-13,3.07060626925093e-13,3.07060626925093e-13,3.07060626925093e-13,3.07060626925093e-13,3.07060626925093e-13,3.07060626925093e-13,3.07060626925093e-13,3.07060626925093e-13,3.07060626925093e-13
"99509",NA,NA,NA,NA,NA,NA,NA,NA,NA,NA,NA,NA,NA,NA,NA,NA,NA,NA,NA,NA,NA,NA,NA,NA,NA,NA,NA,NA,NA,NA,NA,NA,NA,NA,NA,NA,NA,NA,NA,NA,NA,NA,NA,NA,NA,NA,NA,NA,NA,NA,NA
"99510",NA,NA,NA,NA,NA,NA,NA,NA,NA,NA,NA,NA,NA,NA,NA,NA,NA,NA,NA,NA,NA,NA,NA,NA,NA,NA,NA,NA,NA,NA,NA,NA,NA,NA,NA,NA,NA,NA,NA,NA,NA,NA,NA,NA,NA,NA,NA,NA,NA,NA,NA
"100209",NA,NA,NA,NA,NA,NA,NA,NA,NA,NA,NA,NA,NA,NA,NA,NA,NA,NA,NA,NA,NA,NA,NA,NA,NA,NA,NA,NA,NA,NA,NA,NA,NA,NA,NA,NA,NA,NA,NA,NA,NA,NA,NA,NA,NA,NA,NA,NA,NA,NA,NA
"100210",NA,NA,NA,NA,NA,NA,NA,NA,NA,NA,NA,NA,NA,NA,NA,NA,NA,NA,NA,NA,NA,NA,NA,NA,NA,NA,NA,NA,NA,NA,NA,NA,NA,NA,NA,NA,NA,NA,NA,NA,NA,NA,NA,NA,NA,NA,NA,NA,NA,NA,NA
"100211",NA,NA,NA,NA,NA,NA,NA,NA,NA,NA,NA,NA,NA,NA,NA,NA,NA,NA,NA,NA,NA,NA,NA,NA,NA,NA,NA,NA,NA,NA,NA,NA,NA,NA,NA,NA,NA,NA,NA,NA,NA,NA,NA,NA,NA,NA,NA,NA,NA,NA,NA
"100212",NA,NA,NA,NA,NA,NA,NA,NA,NA,NA,NA,NA,NA,NA,NA,NA,NA,NA,NA,NA,NA,NA,NA,NA,NA,NA,NA,NA,NA,NA,NA,NA,NA,NA,NA,NA,NA,NA,NA,NA,NA,NA,NA,NA,NA,NA,NA,NA,NA,NA,NA
"100217",NA,NA,NA,NA,NA,NA,NA,NA,NA,NA,NA,NA,NA,NA,NA,NA,NA,NA,NA,NA,NA,NA,NA,NA,NA,NA,NA,NA,NA,NA,NA,NA,NA,NA,NA,NA,NA,NA,NA,NA,NA,NA,NA,NA,NA,NA,NA,NA,NA,NA,NA
"100218",NA,NA,NA,NA,NA,NA,NA,NA,NA,NA,NA,NA,NA,NA,NA,NA,NA,NA,NA,NA,NA,NA,NA,NA,NA,NA,NA,NA,NA,NA,NA,NA,NA,NA,NA,NA,NA,NA,NA,NA,NA,NA,NA,NA,NA,NA,NA,NA,NA,NA,NA
"100219",NA,NA,NA,NA,NA,NA,NA,NA,NA,NA,NA,NA,NA,NA,NA,NA,NA,NA,NA,NA,NA,NA,NA,NA,NA,NA,NA,NA,NA,NA,NA,NA,NA,NA,NA,NA,NA,NA,NA,NA,NA,NA,NA,NA,NA,NA,NA,NA,NA,NA,NA
"100220",NA,NA,NA,NA,NA,NA,NA,NA,NA,NA,NA,NA,NA,NA,NA,NA,NA,NA,NA,NA,NA,NA,NA,NA,NA,NA,NA,NA,NA,NA,NA,NA,NA,NA,NA,NA,NA,NA,NA,NA,NA,NA,NA,NA,NA,NA,NA,NA,NA,NA,NA
"100221",NA,NA,NA,NA,NA,NA,NA,NA,NA,NA,NA,NA,NA,NA,NA,NA,NA,NA,NA,NA,NA,NA,NA,NA,NA,NA,NA,NA,NA,NA,NA,NA,NA,NA,NA,NA,NA,NA,NA,NA,NA,NA,NA,NA,NA,NA,NA,NA,NA,NA,NA
"100222",NA,NA,NA,NA,NA,NA,NA,NA,NA,NA,NA,NA,NA,NA,NA,NA,NA,NA,NA,NA,NA,NA,NA,NA,NA,NA,NA,NA,NA,NA,NA,NA,NA,NA,NA,NA,NA,NA,NA,NA,NA,NA,NA,NA,NA,NA,NA,NA,NA,NA,NA
"100223",NA,NA,NA,NA,NA,NA,NA,NA,NA,NA,NA,NA,NA,NA,NA,NA,NA,NA,NA,NA,NA,NA,NA,NA,NA,NA,NA,NA,NA,NA,NA,NA,NA,NA,NA,NA,NA,NA,NA,NA,NA,NA,NA,NA,NA,NA,NA,NA,NA,NA,NA
"100224",NA,NA,NA,NA,NA,NA,NA,NA,NA,NA,NA,NA,NA,NA,NA,NA,NA,NA,NA,NA,NA,NA,NA,NA,NA,NA,NA,NA,NA,NA,NA,NA,NA,NA,NA,NA,NA,NA,NA,NA,NA,NA,NA,NA,NA,NA,NA,NA,NA,NA,NA
"100225",NA,NA,NA,NA,NA,NA,NA,NA,NA,NA,NA,NA,NA,NA,NA,NA,NA,NA,NA,NA,NA,NA,NA,NA,NA,NA,NA,NA,NA,NA,NA,NA,NA,NA,NA,NA,NA,NA,NA,NA,NA,NA,NA,NA,NA,NA,NA,NA,NA,NA,NA
"100226",NA,NA,NA,NA,NA,NA,NA,NA,NA,NA,NA,NA,NA,NA,NA,NA,NA,NA,NA,NA,NA,NA,NA,NA,NA,NA,NA,NA,NA,NA,NA,NA,NA,NA,NA,NA,NA,NA,NA,NA,NA,NA,NA,NA,NA,NA,NA,NA,NA,NA,NA
"100227",NA,NA,NA,NA,NA,NA,NA,NA,NA,NA,NA,NA,NA,NA,NA,NA,NA,NA,NA,NA,NA,NA,NA,NA,NA,NA,NA,NA,NA,NA,NA,NA,NA,NA,NA,NA,NA,NA,NA,NA,NA,NA,NA,NA,NA,NA,NA,NA,NA,NA,NA
"100228",NA,NA,NA,NA,NA,NA,NA,NA,NA,NA,NA,NA,NA,NA,NA,NA,NA,NA,NA,NA,NA,NA,NA,NA,NA,NA,NA,NA,NA,NA,NA,NA,NA,NA,NA,NA,NA,NA,NA,NA,NA,NA,NA,NA,NA,NA,NA,NA,NA,NA,NA
"100229",NA,NA,NA,NA,NA,NA,NA,NA,NA,NA,NA,NA,NA,NA,NA,NA,NA,NA,NA,NA,NA,NA,NA,NA,NA,NA,NA,NA,NA,NA,NA,NA,NA,NA,NA,NA,NA,NA,NA,NA,NA,NA,NA,NA,NA,NA,NA,NA,NA,NA,NA
"100933",NA,NA,NA,NA,NA,NA,NA,NA,NA,NA,NA,NA,NA,NA,NA,NA,NA,NA,NA,NA,NA,NA,NA,NA,NA,NA,NA,NA,NA,NA,NA,NA,NA,NA,NA,NA,NA,NA,NA,NA,NA,NA,NA,NA,NA,NA,NA,NA,NA,NA,NA
"100942",NA,NA,NA,NA,NA,NA,NA,NA,NA,NA,NA,NA,NA,NA,NA,NA,NA,NA,NA,NA,NA,NA,NA,NA,NA,NA,NA,NA,NA,NA,NA,NA,NA,NA,NA,NA,NA,NA,NA,NA,NA,NA,NA,NA,NA,NA,NA,NA,NA,NA,NA
"100943",NA,NA,NA,NA,NA,NA,NA,NA,NA,NA,NA,NA,NA,NA,NA,NA,NA,NA,NA,NA,NA,NA,NA,NA,NA,NA,NA,NA,NA,NA,NA,NA,NA,NA,NA,NA,NA,NA,NA,NA,NA,NA,NA,NA,NA,NA,NA,NA,NA,NA,NA
"100944",NA,NA,NA,NA,NA,NA,NA,NA,NA,NA,NA,NA,NA,NA,NA,NA,NA,NA,NA,NA,NA,NA,NA,NA,NA,NA,NA,NA,NA,NA,NA,NA,NA,NA,NA,NA,NA,NA,NA,NA,NA,NA,NA,NA,NA,NA,NA,NA,NA,NA,NA
"100945",NA,NA,NA,NA,NA,NA,NA,NA,NA,NA,NA,NA,NA,NA,NA,NA,NA,NA,NA,NA,NA,NA,NA,NA,NA,NA,NA,NA,NA,NA,NA,NA,NA,NA,NA,NA,NA,NA,NA,NA,NA,NA,NA,NA,NA,NA,NA,NA,NA,NA,NA
"100946",NA,NA,NA,NA,NA,NA,NA,NA,NA,NA,NA,NA,NA,NA,NA,NA,NA,NA,NA,NA,NA,NA,NA,NA,NA,NA,NA,NA,NA,NA,NA,NA,NA,NA,NA,NA,NA,NA,NA,NA,NA,NA,NA,NA,NA,NA,NA,NA,NA,NA,NA
"100947",NA,NA,NA,NA,NA,NA,NA,NA,NA,NA,NA,NA,NA,NA,NA,NA,NA,NA,NA,NA,NA,NA,NA,NA,NA,NA,NA,NA,NA,NA,NA,NA,NA,NA,NA,NA,NA,NA,NA,NA,NA,NA,NA,NA,NA,NA,NA,NA,NA,NA,NA
"100948",NA,NA,NA,NA,NA,NA,NA,NA,NA,NA,NA,NA,NA,NA,NA,NA,NA,NA,NA,NA,NA,NA,NA,NA,NA,NA,NA,NA,NA,NA,NA,NA,NA,NA,NA,NA,NA,NA,NA,NA,NA,NA,NA,NA,NA,NA,NA,NA,NA,NA,NA
"100949",NA,NA,NA,NA,NA,NA,NA,NA,NA,NA,NA,NA,NA,NA,NA,NA,NA,NA,NA,NA,NA,NA,NA,NA,NA,NA,NA,NA,NA,NA,NA,NA,NA,NA,NA,NA,NA,NA,NA,NA,NA,NA,NA,NA,NA,NA,NA,NA,NA,NA,NA
"101652",NA,NA,NA,NA,NA,NA,NA,NA,NA,NA,NA,NA,NA,NA,NA,NA,NA,NA,NA,NA,NA,NA,NA,NA,NA,NA,NA,NA,NA,NA,NA,NA,NA,NA,NA,NA,NA,NA,NA,NA,NA,NA,NA,NA,NA,NA,NA,NA,NA,NA,NA
"101653",NA,NA,NA,NA,NA,NA,NA,NA,NA,NA,NA,NA,NA,NA,NA,NA,NA,NA,NA,NA,NA,NA,NA,NA,NA,NA,NA,NA,NA,NA,NA,NA,NA,NA,NA,NA,NA,NA,NA,NA,NA,NA,NA,NA,NA,NA,NA,NA,NA,NA,NA
"101654",NA,NA,NA,NA,NA,NA,NA,NA,NA,NA,NA,NA,NA,NA,NA,NA,NA,NA,NA,NA,NA,NA,NA,NA,NA,NA,NA,NA,NA,NA,NA,NA,NA,NA,NA,NA,NA,NA,NA,NA,NA,NA,NA,NA,NA,NA,NA,NA,NA,NA,NA
"101655",NA,NA,NA,NA,NA,NA,NA,NA,NA,NA,NA,NA,NA,NA,NA,NA,NA,NA,NA,NA,NA,NA,NA,NA,NA,NA,NA,NA,NA,NA,NA,NA,NA,NA,NA,NA,NA,NA,NA,NA,NA,NA,NA,NA,NA,NA,NA,NA,NA,NA,NA
"103093",NA,NA,NA,NA,NA,NA,NA,NA,NA,NA,NA,NA,NA,NA,NA,NA,NA,NA,NA,NA,NA,NA,NA,NA,NA,NA,NA,NA,NA,NA,NA,NA,NA,NA,NA,NA,NA,NA,NA,NA,NA,NA,NA,NA,NA,NA,NA,NA,NA,NA,NA
"103094",NA,NA,NA,NA,NA,NA,NA,NA,NA,NA,NA,NA,NA,NA,NA,NA,NA,NA,NA,NA,NA,NA,NA,NA,NA,NA,NA,NA,NA,NA,NA,NA,NA,NA,NA,NA,NA,NA,NA,NA,NA,NA,NA,NA,NA,NA,NA,NA,NA,NA,NA
"103098",NA,NA,NA,NA,NA,NA,NA,NA,NA,NA,NA,NA,NA,NA,NA,NA,NA,NA,NA,NA,NA,NA,NA,NA,NA,NA,NA,NA,NA,NA,NA,NA,NA,NA,NA,NA,NA,NA,NA,NA,NA,NA,NA,NA,NA,NA,NA,NA,NA,NA,NA
"103104",NA,NA,NA,NA,NA,NA,NA,NA,NA,NA,NA,NA,NA,NA,NA,NA,NA,NA,NA,NA,NA,NA,NA,NA,NA,NA,NA,NA,NA,NA,NA,NA,NA,NA,NA,NA,NA,NA,NA,NA,NA,NA,NA,NA,NA,NA,NA,NA,NA,NA,NA
"103105",NA,NA,NA,NA,NA,NA,NA,NA,NA,NA,NA,NA,NA,NA,NA,NA,NA,NA,NA,NA,NA,NA,NA,NA,NA,NA,NA,NA,NA,NA,NA,NA,NA,NA,NA,NA,NA,NA,NA,NA,NA,NA,NA,NA,NA,NA,NA,NA,NA,NA,NA
"103106",NA,NA,NA,NA,NA,NA,NA,NA,NA,NA,NA,NA,NA,NA,NA,NA,NA,NA,NA,NA,NA,NA,NA,NA,NA,NA,NA,NA,NA,NA,NA,NA,NA,NA,NA,NA,NA,NA,NA,NA,NA,NA,NA,NA,NA,NA,NA,NA,NA,NA,NA
"103113",NA,NA,NA,NA,NA,NA,NA,NA,NA,NA,NA,NA,NA,NA,NA,NA,NA,NA,NA,NA,NA,NA,NA,NA,NA,NA,NA,NA,NA,NA,NA,NA,NA,NA,NA,NA,NA,NA,NA,NA,NA,NA,NA,NA,NA,NA,NA,NA,NA,NA,NA
"103114",NA,NA,NA,NA,NA,NA,NA,NA,NA,NA,NA,NA,NA,NA,NA,NA,NA,NA,NA,NA,NA,NA,NA,NA,NA,NA,NA,NA,NA,NA,NA,NA,NA,NA,NA,NA,NA,NA,NA,NA,NA,NA,NA,NA,NA,NA,NA,NA,NA,NA,NA
"103115",NA,NA,NA,NA,NA,NA,NA,NA,NA,NA,NA,NA,NA,NA,NA,NA,NA,NA,NA,NA,NA,NA,NA,NA,NA,NA,NA,NA,NA,NA,NA,NA,NA,NA,NA,NA,NA,NA,NA,NA,NA,NA,NA,NA,NA,NA,NA,NA,NA,NA,NA
"103116",NA,NA,NA,NA,NA,NA,NA,NA,NA,NA,NA,NA,NA,NA,NA,NA,NA,NA,NA,NA,NA,NA,NA,NA,NA,NA,NA,NA,NA,NA,NA,NA,NA,NA,NA,NA,NA,NA,NA,NA,NA,NA,NA,NA,NA,NA,NA,NA,NA,NA,NA
"103814",0.266358860581386,0.238498337033142,0.207429057155692,0.180074228237265,0.151713241710661,0.12206116168666,0.0989949798349166,0.0804862812160605,0.0645801202216116,0.0527880677512058,0.0435224839917994,0.0360651896792661,0.0299709108862138,0.0247276424421687,0.0202992493216254,0.0164272458174059,0.0123375722823791,0.00884639262379877,0.00558284607661292,0.00266579143341015,-4.02367375529344e-13,-4.02367375529344e-13,-4.02367375529344e-13,-4.02367375529344e-13,-4.02367375529344e-13,-4.02367375529344e-13,-4.02367375529344e-13,-4.02367375529344e-13,-4.02367375529344e-13,-4.02367375529344e-13,-4.02367375529344e-13,-4.02367375529344e-13,-4.02367375529344e-13,-4.02367375529344e-13,-4.02367375529344e-13,-4.02367375529344e-13,-4.02367375529344e-13,-4.02367375529344e-13,-4.02367375529344e-13,-4.02367375529344e-13,-4.02367375529344e-13,-4.02367375529344e-13,-4.02367375529344e-13,-4.02367375529344e-13,-4.02367375529344e-13,-4.02367375529344e-13,-4.02367375529344e-13,-4.02367375529344e-13,-4.02367375529344e-13,-4.02367375529344e-13,-4.02367375529344e-13
"103815",0.431245479134668,0.399978726911628,0.363909907301143,0.327143422053355,0.289517230467288,0.250998836724642,0.222539968058763,0.198626513054661,0.178887935989805,0.161973935242561,0.147230825341953,0.135726555979069,0.122480488980795,0.110369855942793,0.0995890849406489,0.0897944766208891,0.080463229527101,0.0718681624916148,0.0634010515741862,0.0555316514220673,0.0481286388669842,0.0415649952219944,0.0356286681072475,0.0304050724850947,0.0256006633694814,0.0212017338451277,0.0170863321437982,0.0132912217590253,0.00978461734067679,0.00646027340136628,0.00334838597167422,3.01782904221781e-14,3.01782904221781e-14,3.01782904221781e-14,3.01782904221781e-14,3.01782904221781e-14,3.01782904221781e-14,3.01782904221781e-14,3.01782904221781e-14,3.01782904221781e-14,3.01782904221781e-14,3.01782904221781e-14,3.01782904221781e-14,3.01782904221781e-14,3.01782904221781e-14,3.01782904221781e-14,3.01782904221781e-14,3.01782904221781e-14,3.01782904221781e-14,3.01782904221781e-14,3.01782904221781e-14
"103816",0.695981709310581,0.664491218779836,0.632905185392442,0.597770579843258,0.561920198050715,0.524605518756081,0.489044773321525,0.454037686031545,0.421816798096095,0.391163412262454,0.367019162517885,0.346698667031567,0.318345955338553,0.291503741783062,0.267053004275001,0.244134332227344,0.221724182823115,0.200566735871979,0.179481459201674,0.159549789968172,0.140583522744645,0.122968150756233,0.106324993201842,0.0913190983345074,0.077352885408077,0.0642679774508389,0.0519327304648561,0.0405126348923026,0.0298306543785867,0.0196577616415041,0.0101296655908727,3.94101418166315e-14,3.94101418166315e-14,3.94101418166315e-14,3.94101418166315e-14,3.94101418166315e-14,3.94101418166315e-14,3.94101418166315e-14,3.94101418166315e-14,3.94101418166315e-14,3.94101418166315e-14,3.94101418166315e-14,3.94101418166315e-14,3.94101418166315e-14,3.94101418166315e-14,3.94101418166315e-14,3.94101418166315e-14,3.94101418166315e-14,3.94101418166315e-14,3.94101418166315e-14,3.94101418166315e-14
"103817",0.817598677670321,0.784668306138623,0.752302551845362,0.723264241905639,0.693061503666234,0.660761415477146,0.628295785748338,0.59366286108906,0.560525759298303,0.529007623677465,0.500726181954953,0.474620034131367,0.437432916223799,0.401487340580895,0.368916155009201,0.338136210567674,0.307614698243518,0.279375421717702,0.250674879309086,0.223334947834582,0.197176293586594,0.172944883972324,0.149919416104916,0.129030345979011,0.109268085749352,0.0907770147383478,0.0731876962908176,0.0568454105436862,0.0415118898922716,0.0268262853500162,0.0129734752842465,-1.98341343349284e-13,-1.98341343349284e-13,-1.98341343349284e-13,-1.98341343349284e-13,-1.98341343349284e-13,-1.98341343349284e-13,-1.98341343349284e-13,-1.98341343349284e-13,-1.98341343349284e-13,-1.98341343349284e-13,-1.98341343349284e-13,-1.98341343349284e-13,-1.98341343349284e-13,-1.98341343349284e-13,-1.98341343349284e-13,-1.98341343349284e-13,-1.98341343349284e-13,-1.98341343349284e-13,-1.98341343349284e-13,-1.98341343349284e-13
"103818",0.784687953850516,0.75477990227215,0.737342061717898,0.721021635955341,0.701412967418578,0.673229581629083,0.646301145732017,0.615009027270143,0.585681732093442,0.557349777485447,0.530131641039632,0.505275379322588,0.462741511444676,0.423575582769159,0.388183701226541,0.355648779825614,0.323862340763952,0.293898632201152,0.264075580843114,0.235603159321135,0.208331651930529,0.182896206246966,0.158576572184853,0.136584640428507,0.115826639553295,0.0962778066676491,0.0776894245538857,0.0603919507037279,0.0441300551753885,0.0285567837751848,0.0137762962929955,5.12728748347513e-14,5.12728748347513e-14,5.12728748347513e-14,5.12728748347513e-14,5.12728748347513e-14,5.12728748347513e-14,5.12728748347513e-14,5.12728748347513e-14,5.12728748347513e-14,5.12728748347513e-14,5.12728748347513e-14,5.12728748347513e-14,5.12728748347513e-14,5.12728748347513e-14,5.12728748347513e-14,5.12728748347513e-14,5.12728748347513e-14,5.12728748347513e-14,5.12728748347513e-14,5.12728748347513e-14
"103819",0.579931639628194,0.557201282045638,0.547193045822395,0.540067142791218,0.530559629655678,0.515673372096621,0.497981705577812,0.477344547565954,0.45436459872739,0.432873261261978,0.411711741360112,0.391106616375553,0.364535266068065,0.333048698564236,0.305268705823434,0.279489224005741,0.254392129896081,0.231501034424562,0.208415225980185,0.186720358640632,0.165887385982838,0.146547208436343,0.128175890865281,0.111399108709092,0.0955896424461606,0.0807393110646108,0.0665714990628671,0.0533553897507086,0.040903430450464,0.0289148843662413,0.0176302416871197,0.0070819388649556,2.79951062331918e-13,2.79951062331918e-13,2.79951062331918e-13,2.79951062331918e-13,2.79951062331918e-13,2.79951062331918e-13,2.79951062331918e-13,2.79951062331918e-13,2.79951062331918e-13,2.79951062331918e-13,2.79951062331918e-13,2.79951062331918e-13,2.79951062331918e-13,2.79951062331918e-13,2.79951062331918e-13,2.79951062331918e-13,2.79951062331918e-13,2.79951062331918e-13,2.79951062331918e-13
"103825",NA,NA,NA,NA,NA,NA,NA,NA,NA,NA,NA,NA,NA,NA,NA,NA,NA,NA,NA,NA,NA,NA,NA,NA,NA,NA,NA,NA,NA,NA,NA,NA,NA,NA,NA,NA,NA,NA,NA,NA,NA,NA,NA,NA,NA,NA,NA,NA,NA,NA,NA
"103826",0.393418815638142,0.373832288163251,0.355623620773974,0.34060856827415,0.325393775654716,0.329338546296477,0.324962394736288,0.320971297786339,0.317199611223461,0.31389323149616,0.310144237421975,0.3060112537032,0.299223870401861,0.29337140942958,0.287044631148569,0.270793206770821,0.254180951904428,0.237892887656219,0.220522378274163,0.203456621124493,0.186421313038258,0.16969200738513,0.153340156059445,0.135991452998808,0.119870900891161,0.105044425890457,0.0910686945095071,0.0778708542316018,0.0654480077546394,0.0533792056211917,0.0418556717297344,0.0308511136126792,0.0204929764018569,0.00952724551049041,-6.57489340749606e-13,-6.57489340749606e-13,-6.57489340749606e-13,-6.57489340749606e-13,-6.57489340749606e-13,-6.57489340749606e-13,-6.57489340749606e-13,-6.57489340749606e-13,-6.57489340749606e-13,-6.57489340749606e-13,-6.57489340749606e-13,-6.57489340749606e-13,-6.57489340749606e-13,-6.57489340749606e-13,-6.57489340749606e-13,-6.57489340749606e-13,-6.57489340749606e-13
"103831",NA,NA,NA,NA,NA,NA,NA,NA,NA,NA,NA,NA,NA,NA,NA,NA,NA,NA,NA,NA,NA,NA,NA,NA,NA,NA,NA,NA,NA,NA,NA,NA,NA,NA,NA,NA,NA,NA,NA,NA,NA,NA,NA,NA,NA,NA,NA,NA,NA,NA,NA
"103832",NA,NA,NA,NA,NA,NA,NA,NA,NA,NA,NA,NA,NA,NA,NA,NA,NA,NA,NA,NA,NA,NA,NA,NA,NA,NA,NA,NA,NA,NA,NA,NA,NA,NA,NA,NA,NA,NA,NA,NA,NA,NA,NA,NA,NA,NA,NA,NA,NA,NA,NA
"103833",0.321352328001376,0.291290669081115,0.262742593845377,0.23604559305444,0.210501205666541,0.186625480447518,0.164696684219064,0.143975767413792,0.125088220457112,0.10759769288681,0.0915036270145711,0.076898807303346,0.0634502879809135,0.0508456946157532,0.0396110580739498,0.0297932310429904,0.0212362733912169,0.0142743976846306,0.00829801591556101,0.00350020786136788,-3.08175707175451e-13,-3.08175707175451e-13,-3.08175707175451e-13,-3.08175707175451e-13,-3.08175707175451e-13,-3.08175707175451e-13,-3.08175707175451e-13,-3.08175707175451e-13,-3.08175707175451e-13,-3.08175707175451e-13,-3.08175707175451e-13,-3.08175707175451e-13,-3.08175707175451e-13,-3.08175707175451e-13,-3.08175707175451e-13,-3.08175707175451e-13,-3.08175707175451e-13,-3.08175707175451e-13,-3.08175707175451e-13,-3.08175707175451e-13,-3.08175707175451e-13,-3.08175707175451e-13,-3.08175707175451e-13,-3.08175707175451e-13,-3.08175707175451e-13,-3.08175707175451e-13,-3.08175707175451e-13,-3.08175707175451e-13,-3.08175707175451e-13,-3.08175707175451e-13,-3.08175707175451e-13
"103834",0.409536740485782,0.372831941610751,0.336212485919611,0.304120899083264,0.272437492252156,0.241375796492011,0.212818235871428,0.185608401687152,0.160488297392916,0.136809710913862,0.114544268386344,0.0940073038361707,0.075001038863007,0.0572653250914244,0.0419193211830822,0.0303069392856439,0.0211171581968681,0.014034791820036,0.00819695622220444,0.00360554115265298,-1.75112008227174e-13,-1.75112008227174e-13,-1.75112008227174e-13,-1.75112008227174e-13,-1.75112008227174e-13,-1.75112008227174e-13,-1.75112008227174e-13,-1.75112008227174e-13,-1.75112008227174e-13,-1.75112008227174e-13,-1.75112008227174e-13,-1.75112008227174e-13,-1.75112008227174e-13,-1.75112008227174e-13,-1.75112008227174e-13,-1.75112008227174e-13,-1.75112008227174e-13,-1.75112008227174e-13,-1.75112008227174e-13,-1.75112008227174e-13,-1.75112008227174e-13,-1.75112008227174e-13,-1.75112008227174e-13,-1.75112008227174e-13,-1.75112008227174e-13,-1.75112008227174e-13,-1.75112008227174e-13,-1.75112008227174e-13,-1.75112008227174e-13,-1.75112008227174e-13,-1.75112008227174e-13
"103835",NA,NA,NA,NA,NA,NA,NA,NA,NA,NA,NA,NA,NA,NA,NA,NA,NA,NA,NA,NA,NA,NA,NA,NA,NA,NA,NA,NA,NA,NA,NA,NA,NA,NA,NA,NA,NA,NA,NA,NA,NA,NA,NA,NA,NA,NA,NA,NA,NA,NA,NA
"103836",NA,NA,NA,NA,NA,NA,NA,NA,NA,NA,NA,NA,NA,NA,NA,NA,NA,NA,NA,NA,NA,NA,NA,NA,NA,NA,NA,NA,NA,NA,NA,NA,NA,NA,NA,NA,NA,NA,NA,NA,NA,NA,NA,NA,NA,NA,NA,NA,NA,NA,NA
"104534",NA,NA,NA,NA,NA,NA,NA,NA,NA,NA,NA,NA,NA,NA,NA,NA,NA,NA,NA,NA,NA,NA,NA,NA,NA,NA,NA,NA,NA,NA,NA,NA,NA,NA,NA,NA,NA,NA,NA,NA,NA,NA,NA,NA,NA,NA,NA,NA,NA,NA,NA
"104535",NA,NA,NA,NA,NA,NA,NA,NA,NA,NA,NA,NA,NA,NA,NA,NA,NA,NA,NA,NA,NA,NA,NA,NA,NA,NA,NA,NA,NA,NA,NA,NA,NA,NA,NA,NA,NA,NA,NA,NA,NA,NA,NA,NA,NA,NA,NA,NA,NA,NA,NA
"104536",0.90787152229459,0.859817148113735,0.814013341198785,0.763579009563043,0.711091405255128,0.655778747152641,0.595825580924131,0.548054426774972,0.506985403308912,0.489623964559398,0.463073267622603,0.438161127538199,0.403237838766835,0.37026293115561,0.339659481376563,0.311218613523148,0.283154764435391,0.25697096714934,0.230352473077636,0.205098538376663,0.180823491076709,0.158320549605943,0.13695085904137,0.1175610037489,0.0994417931962412,0.0824723838939902,0.0664222409069138,0.051458751001808,0.0375494778466415,0.024284403774149,0.0117374207739664,-1.17460208226561e-13,-1.17460208226561e-13,-1.17460208226561e-13,-1.17460208226561e-13,-1.17460208226561e-13,-1.17460208226561e-13,-1.17460208226561e-13,-1.17460208226561e-13,-1.17460208226561e-13,-1.17460208226561e-13,-1.17460208226561e-13,-1.17460208226561e-13,-1.17460208226561e-13,-1.17460208226561e-13,-1.17460208226561e-13,-1.17460208226561e-13,-1.17460208226561e-13,-1.17460208226561e-13,-1.17460208226561e-13,-1.17460208226561e-13
"104537",1.08360762316443,1.0691476644067,1.02144435369802,0.982541715945126,0.938269071010027,0.89116127747976,0.841158126240993,0.789731754265443,0.746244647096661,0.705512491964009,0.669235376448128,0.636067556337235,0.588686868876856,0.542987848513928,0.499984947189758,0.459402574230601,0.419684226976552,0.38154365400554,0.343364337602281,0.306594262866674,0.271401628876362,0.238470436024672,0.20696931125095,0.178131159622404,0.151017938953285,0.125562521359936,0.101284960805088,0.0787424901701304,0.0576382443308245,0.0372388574845582,0.0180427772373679,1.05246367176903e-13,1.05246367176903e-13,1.05246367176903e-13,1.05246367176903e-13,1.05246367176903e-13,1.05246367176903e-13,1.05246367176903e-13,1.05246367176903e-13,1.05246367176903e-13,1.05246367176903e-13,1.05246367176903e-13,1.05246367176903e-13,1.05246367176903e-13,1.05246367176903e-13,1.05246367176903e-13,1.05246367176903e-13,1.05246367176903e-13,1.05246367176903e-13,1.05246367176903e-13,1.05246367176903e-13
"104538",NA,NA,NA,NA,NA,NA,NA,NA,NA,NA,NA,NA,NA,NA,NA,NA,NA,NA,NA,NA,NA,NA,NA,NA,NA,NA,NA,NA,NA,NA,NA,NA,NA,NA,NA,NA,NA,NA,NA,NA,NA,NA,NA,NA,NA,NA,NA,NA,NA,NA,NA
"104539",NA,NA,NA,NA,NA,NA,NA,NA,NA,NA,NA,NA,NA,NA,NA,NA,NA,NA,NA,NA,NA,NA,NA,NA,NA,NA,NA,NA,NA,NA,NA,NA,NA,NA,NA,NA,NA,NA,NA,NA,NA,NA,NA,NA,NA,NA,NA,NA,NA,NA,NA
"104540",0.790665511392581,0.759892138875408,0.728063563915818,0.701941839068168,0.673170288716796,0.641592682789475,0.605853700256051,0.569620926679458,0.533837697814846,0.500333160755763,0.470603806854585,0.44473912635855,0.420023869899964,0.418989946290436,0.405443678529738,0.387530355778918,0.366843768889017,0.345711838679569,0.322425043441732,0.295962299282399,0.269826541633383,0.245234373463003,0.221631825801777,0.199923662247049,0.179364491277861,0.15973184219187,0.141142573020766,0.123583042781234,0.106992983989766,0.0908844174068154,0.0755966153573923,0.0611775093046983,0.0480466474760013,0.0356903482824784,0.0257908496116789,0.0174442268348184,0.0103017348861004,0.00438511551428076,-1.93490362621063e-13,-1.93490362621063e-13,-1.93490362621063e-13,-1.93490362621063e-13,-1.93490362621063e-13,-1.93490362621063e-13,-1.93490362621063e-13,-1.93490362621063e-13,-1.93490362621063e-13,-1.93490362621063e-13,-1.93490362621063e-13,-1.93490362621063e-13,-1.93490362621063e-13
"104541",0.719444111605844,0.694411645604022,0.669882586049659,0.644159173432137,0.617559859163093,0.588315410862859,0.558916734549404,0.527151908143098,0.497083345276154,0.467756563220266,0.442439470659668,0.42021404078637,0.399644437777108,0.378544083518199,0.361913039639695,0.346292731396349,0.330034978931577,0.313597963290153,0.294952006312859,0.272009291252607,0.249427761393799,0.228272144540013,0.20788093760962,0.188907390862315,0.171076500891683,0.154058008048477,0.137491208524505,0.122207391884406,0.107650009853699,0.0934412898055457,0.079893296547696,0.0672575120604981,0.0552475399160128,0.0422552229105281,0.0310567457639432,0.0212761346312793,0.0127662990161825,0.00556203390505284,-2.26504925926463e-13,-2.26504925926463e-13,-2.26504925926463e-13,-2.26504925926463e-13,-2.26504925926463e-13,-2.26504925926463e-13,-2.26504925926463e-13,-2.26504925926463e-13,-2.26504925926463e-13,-2.26504925926463e-13,-2.26504925926463e-13,-2.26504925926463e-13,-2.26504925926463e-13
"104542",0.459113961185358,0.439972043225405,0.420377734759729,0.400692781763515,0.380193344170819,0.357488673346529,0.334321270947026,0.314580170893615,0.292160090794449,0.270914017269797,0.252115857543448,0.235889893029004,0.221841645254616,0.209389859314126,0.198416926923316,0.189179088321362,0.179895327991381,0.171405516669467,0.16159359800033,0.148607113369676,0.136184647799233,0.124516959014551,0.113481603858583,0.103311603830017,0.0936852544557211,0.0858227888948049,0.0776800009130986,0.0697716223299306,0.0622102673036176,0.0548175942078518,0.0477512444669582,0.0410889948366228,0.0347446645571104,0.0277865354007267,0.0215042522121233,0.01498096535888,0.00936819183281216,0.00404202499946781,2.04197769804182e-14,2.04197769804182e-14,2.04197769804182e-14,2.04197769804182e-14,2.04197769804182e-14,2.04197769804182e-14,2.04197769804182e-14,2.04197769804182e-14,2.04197769804182e-14,2.04197769804182e-14,2.04197769804182e-14,2.04197769804182e-14,2.04197769804182e-14
"104545",0.560407207165554,0.546556979732241,0.53434616752351,0.524590031659998,0.51450118335234,0.504914029477127,0.493860007368285,0.486959261841512,0.482112493353843,0.47848484136214,0.474550049744385,0.470197207042593,0.465032444062825,0.460276000984624,0.452817060234758,0.443497057913989,0.430181920951498,0.411071803225869,0.388756523971075,0.365323538751692,0.340317559155226,0.312871802768394,0.286336122492329,0.261482779343659,0.23765169523606,0.214797045019855,0.192981797538239,0.172305899147888,0.152643788656221,0.13340302541503,0.11508733805688,0.0978003482039403,0.0813502337173774,0.0635687362559289,0.0482129418847216,0.0330125660846628,0.0207280270737754,0.0135912714646156,0.00773299711196839,0.00327290987305048,1.23054344491891e-13,1.23054344491891e-13,1.23054344491891e-13,1.23054344491891e-13,1.23054344491891e-13,1.23054344491891e-13,1.23054344491891e-13,1.23054344491891e-13,1.23054344491891e-13,1.23054344491891e-13,1.23054344491891e-13
"104546",0.90604236657673,0.897871220462006,0.894198870392966,0.890918461993888,0.885751572591553,0.878110988299172,0.873307942292406,0.866494122770171,0.859857215720251,0.852502906294668,0.844400000172357,0.832623036888753,0.819101803420563,0.802837397582911,0.780835430871026,0.756004256457613,0.724158905205951,0.69130818600541,0.654875045914242,0.614278564613396,0.570669977009087,0.526359797814527,0.480618710933257,0.437772648140719,0.396810887261672,0.357150365030799,0.318889890203758,0.282611802112004,0.247607979324948,0.213341199884917,0.180545652593471,0.150214592604343,0.121083523358087,0.093381965062475,0.0710557359218102,0.0530768479529061,0.0384385457765113,0.0255511684571006,0.0144120280197926,0.00737120378704717,0.00281897233916063,1.08929532061097e-13,1.08929532061097e-13,1.08929532061097e-13,1.08929532061097e-13,1.08929532061097e-13,1.08929532061097e-13,1.08929532061097e-13,1.08929532061097e-13,1.08929532061097e-13,1.08929532061097e-13
"104547",0.964813453795068,0.960898968617367,0.963686284513905,0.970669078446728,0.976069487622904,0.975124635041313,0.974315902432854,0.970664606818775,0.965604748967181,0.957492279182384,0.94563057709062,0.931832152970369,0.91514326809963,0.864139757901553,0.814549083194898,0.762539000801059,0.711476955927118,0.660474660824817,0.607021015856131,0.553894287951812,0.499256290917054,0.448675134060067,0.398433907347092,0.35037984582762,0.304256342994369,0.260926185772723,0.218423978265801,0.177889307860614,0.139111814644552,0.101126626689588,0.0648198574673498,0.0315446556965891,4.16855439056008e-13,4.16855439056008e-13,4.16855439056008e-13,4.16855439056008e-13,4.16855439056008e-13,4.16855439056008e-13,4.16855439056008e-13,4.16855439056008e-13,4.16855439056008e-13,4.16855439056008e-13,4.16855439056008e-13,4.16855439056008e-13,4.16855439056008e-13,4.16855439056008e-13,4.16855439056008e-13,4.16855439056008e-13,4.16855439056008e-13,4.16855439056008e-13,4.16855439056008e-13
"104548",0.969763134796085,0.968660206648973,0.974595153384432,0.981267269481626,0.985275648298373,0.98731732174151,0.987571651460923,0.985668768755164,0.979939290379472,0.972446333118575,0.957488620935371,0.942580961001753,0.922352423598107,0.871207717118251,0.820121332888606,0.769187889282757,0.715339704584857,0.663866424617817,0.609886479616278,0.555603943426661,0.499745042440041,0.444869684939688,0.393157378464549,0.345006824604424,0.298501520011628,0.254603374177015,0.212819036897879,0.172535200073252,0.134361728860256,0.0971536995741268,0.0622563106548105,0.0297519869517726,3.08225667211559e-13,3.08225667211559e-13,3.08225667211559e-13,3.08225667211559e-13,3.08225667211559e-13,3.08225667211559e-13,3.08225667211559e-13,3.08225667211559e-13,3.08225667211559e-13,3.08225667211559e-13,3.08225667211559e-13,3.08225667211559e-13,3.08225667211559e-13,3.08225667211559e-13,3.08225667211559e-13,3.08225667211559e-13,3.08225667211559e-13,3.08225667211559e-13,3.08225667211559e-13
"104549",0.821266165322595,0.813060224180789,0.808034125016659,0.804674260373904,0.799678006114242,0.794250900672113,0.790001682129175,0.784164203846029,0.782029793553008,0.77088676584787,0.754433471115255,0.736264396419959,0.716543854625645,0.672795827219778,0.632272426886205,0.589358258008302,0.544810207816893,0.502333081853075,0.45762213807862,0.414569404194072,0.369343206110695,0.325225038990466,0.284763453525321,0.247181420966677,0.216968512860484,0.18588605107316,0.154813420931614,0.125603071775054,0.0935918397197221,0.0677859306950136,0.044039556746054,0.0212787100899415,-1.59555701984004e-13,-1.59555701984004e-13,-1.59555701984004e-13,-1.59555701984004e-13,-1.59555701984004e-13,-1.59555701984004e-13,-1.59555701984004e-13,-1.59555701984004e-13,-1.59555701984004e-13,-1.59555701984004e-13,-1.59555701984004e-13,-1.59555701984004e-13,-1.59555701984004e-13,-1.59555701984004e-13,-1.59555701984004e-13,-1.59555701984004e-13,-1.59555701984004e-13,-1.59555701984004e-13,-1.59555701984004e-13
"104550",NA,NA,NA,NA,NA,NA,NA,NA,NA,NA,NA,NA,NA,NA,NA,NA,NA,NA,NA,NA,NA,NA,NA,NA,NA,NA,NA,NA,NA,NA,NA,NA,NA,NA,NA,NA,NA,NA,NA,NA,NA,NA,NA,NA,NA,NA,NA,NA,NA,NA,NA
"104551",NA,NA,NA,NA,NA,NA,NA,NA,NA,NA,NA,NA,NA,NA,NA,NA,NA,NA,NA,NA,NA,NA,NA,NA,NA,NA,NA,NA,NA,NA,NA,NA,NA,NA,NA,NA,NA,NA,NA,NA,NA,NA,NA,NA,NA,NA,NA,NA,NA,NA,NA
"104552",NA,NA,NA,NA,NA,NA,NA,NA,NA,NA,NA,NA,NA,NA,NA,NA,NA,NA,NA,NA,NA,NA,NA,NA,NA,NA,NA,NA,NA,NA,NA,NA,NA,NA,NA,NA,NA,NA,NA,NA,NA,NA,NA,NA,NA,NA,NA,NA,NA,NA,NA
"104555",NA,NA,NA,NA,NA,NA,NA,NA,NA,NA,NA,NA,NA,NA,NA,NA,NA,NA,NA,NA,NA,NA,NA,NA,NA,NA,NA,NA,NA,NA,NA,NA,NA,NA,NA,NA,NA,NA,NA,NA,NA,NA,NA,NA,NA,NA,NA,NA,NA,NA,NA
"104556",NA,NA,NA,NA,NA,NA,NA,NA,NA,NA,NA,NA,NA,NA,NA,NA,NA,NA,NA,NA,NA,NA,NA,NA,NA,NA,NA,NA,NA,NA,NA,NA,NA,NA,NA,NA,NA,NA,NA,NA,NA,NA,NA,NA,NA,NA,NA,NA,NA,NA,NA
"105254",0.398801806483971,0.354070205717235,0.308388174437565,0.26342669415249,0.217062666599555,0.170341111120358,0.121829131709628,0.0873208325393367,0.0733646334625639,0.0602849626397518,0.0492919558102475,0.0403637952724019,0.0329615480060742,0.0266598661968002,0.0214165489711325,0.0169034342332122,0.012817847133931,0.00923928572865045,0.00584956286824879,0.00279805034124681,-2.09825212760251e-13,-2.09825212760251e-13,-2.09825212760251e-13,-2.09825212760251e-13,-2.09825212760251e-13,-2.09825212760251e-13,-2.09825212760251e-13,-2.09825212760251e-13,-2.09825212760251e-13,-2.09825212760251e-13,-2.09825212760251e-13,-2.09825212760251e-13,-2.09825212760251e-13,-2.09825212760251e-13,-2.09825212760251e-13,-2.09825212760251e-13,-2.09825212760251e-13,-2.09825212760251e-13,-2.09825212760251e-13,-2.09825212760251e-13,-2.09825212760251e-13,-2.09825212760251e-13,-2.09825212760251e-13,-2.09825212760251e-13,-2.09825212760251e-13,-2.09825212760251e-13,-2.09825212760251e-13,-2.09825212760251e-13,-2.09825212760251e-13,-2.09825212760251e-13,-2.09825212760251e-13
"105255",0.671756382785679,0.612852405310609,0.551865376070722,0.486137907157904,0.42041318400595,0.355323618730628,0.287342701165252,0.242246081776036,0.207494368524934,0.182097778164194,0.162356358263138,0.146604329133591,0.133619934371638,0.119634938773835,0.107549930029097,0.0968189241884247,0.0867300280402681,0.0775814971134472,0.0686443113886056,0.060384659611814,0.052671070852434,0.0457120930681538,0.0395742931775535,0.0340960885841182,0.029089837266818,0.0244787671609394,0.0201528159764644,0.0161747264097339,0.0124991234007483,0.0090166583631748,0.0057740577684195,0.00278075394514626,3.1399882693961e-14,3.1399882693961e-14,3.1399882693961e-14,3.1399882693961e-14,3.1399882693961e-14,3.1399882693961e-14,3.1399882693961e-14,3.1399882693961e-14,3.1399882693961e-14,3.1399882693961e-14,3.1399882693961e-14,3.1399882693961e-14,3.1399882693961e-14,3.1399882693961e-14,3.1399882693961e-14,3.1399882693961e-14,3.1399882693961e-14,3.1399882693961e-14,3.1399882693961e-14
"105256",0.923924031674687,0.861125792542725,0.799278345764792,0.735199496296778,0.664186174396212,0.594996732653281,0.540697307752166,0.490453226640389,0.447888717063328,0.411172268705859,0.382998844854325,0.359047160530193,0.336972547371213,0.314885472943357,0.293833533599789,0.273136348376715,0.25012102143819,0.22840818387676,0.20672841437543,0.186180133713207,0.166556401942896,0.148404816697542,0.131200827184019,0.115744835934101,0.101176018954987,0.0876409848092035,0.0746477534488361,0.0628229959145996,0.0518003399555479,0.0413126005634434,0.0314181749247575,0.0222265684799632,0.0139678353211291,0.00777857579062262,0.00332432592505884,-7.23199278240827e-14,-7.23199278240827e-14,-7.23199278240827e-14,-7.23199278240827e-14,-7.23199278240827e-14,-7.23199278240827e-14,-7.23199278240827e-14,-7.23199278240827e-14,-7.23199278240827e-14,-7.23199278240827e-14,-7.23199278240827e-14,-7.23199278240827e-14,-7.23199278240827e-14,-7.23199278240827e-14,-7.23199278240827e-14,-7.23199278240827e-14
"105257",1.04901183160109,0.984839313600396,0.927182940970808,0.860524501157912,0.79291327871507,0.727835521592932,0.675994705833564,0.62730654956141,0.586298274260871,0.550911899848532,0.519815075996799,0.492462612372152,0.465688044836244,0.438147356893409,0.411028921370024,0.385198597488429,0.358128565357844,0.331523691253588,0.301600737167164,0.273226873214722,0.246235483982149,0.220870932415985,0.196658420081833,0.174695935052674,0.153880770158252,0.134324084294349,0.116945682519301,0.0998746802684561,0.0838674347693775,0.0684941423082407,0.0539128526062449,0.0403692100128838,0.0282179200980782,0.0190251805373364,0.012146418347589,0.00686802038900212,0.00281298134786975,5.48273232370278e-14,5.48273232370278e-14,5.48273232370278e-14,5.48273232370278e-14,5.48273232370278e-14,5.48273232370278e-14,5.48273232370278e-14,5.48273232370278e-14,5.48273232370278e-14,5.48273232370278e-14,5.48273232370278e-14,5.48273232370278e-14,5.48273232370278e-14,5.48273232370278e-14
"105258",1.02157346223103,0.959010278795357,0.897147794756516,0.835212837282635,0.774279123340785,0.717338323556234,0.6704060999503,0.662521359624759,0.632244542663303,0.60187527807184,0.572148621514073,0.544364810604613,0.517272330159914,0.488146205105725,0.459528453813002,0.431621827264079,0.402346436548149,0.37393407782673,0.341468864902456,0.31032010254565,0.280644486482072,0.252767402964181,0.225867768135702,0.201459279433845,0.178062585223765,0.156175652765694,0.135174836720789,0.115711243013597,0.0974927608337436,0.0799743781198482,0.0633992492561146,0.0478300239842841,0.0339206586044224,0.0232167369606311,0.0151687280959907,0.00885256896354123,0.00384588946585053,-1.6773457622854e-13,-1.6773457622854e-13,-1.6773457622854e-13,-1.6773457622854e-13,-1.6773457622854e-13,-1.6773457622854e-13,-1.6773457622854e-13,-1.6773457622854e-13,-1.6773457622854e-13,-1.6773457622854e-13,-1.6773457622854e-13,-1.6773457622854e-13,-1.6773457622854e-13,-1.6773457622854e-13
"105259",1.03871779428446,0.982149729537463,0.920696921616979,0.863176706756634,0.807336721282704,0.750826950106363,0.705930459822092,0.661052484178646,0.621570708613257,0.58786380225114,0.557133417935342,0.529688417769232,0.503705179674201,0.475204218038803,0.447756774850056,0.421359564259491,0.394402167475728,0.370230629778106,0.339161834448458,0.309379083550264,0.280300633503834,0.253195397504049,0.227294885616681,0.203609965779944,0.180849848055524,0.159306276184722,0.13891183113732,0.119777840107087,0.101744305262045,0.0843771429354206,0.0677960535330233,0.0523403874901566,0.0381066615849048,0.0269199833600952,0.0181363539753659,0.0108738462893223,0.0048533582824806,4.84227935526604e-13,4.84227935526604e-13,4.84227935526604e-13,4.84227935526604e-13,4.84227935526604e-13,4.84227935526604e-13,4.84227935526604e-13,4.84227935526604e-13,4.84227935526604e-13,4.84227935526604e-13,4.84227935526604e-13,4.84227935526604e-13,4.84227935526604e-13,4.84227935526604e-13
"105260",1.0245414184923,0.969636047046524,0.919571869516899,0.866378368114604,0.811482010244564,0.756951329332233,0.704381833653804,0.648700464185093,0.597564260160159,0.559669484585758,0.529177506982446,0.503218296669454,0.478993749944983,0.452976880982709,0.432155190093171,0.412416528901058,0.391608114273469,0.371266137699714,0.342150649519688,0.314341305333764,0.287091634857066,0.261292116313154,0.23637479088378,0.213480585513956,0.191643261593226,0.17131258924668,0.151559610199547,0.132761339567799,0.115012587732651,0.097873397164747,0.0815791159536322,0.066319732777421,0.0518537437222617,0.0384574856004954,0.0266320018436164,0.0163397644834908,0.00742845680602016,3.35981242827188e-15,3.35981242827188e-15,3.35981242827188e-15,3.35981242827188e-15,3.35981242827188e-15,3.35981242827188e-15,3.35981242827188e-15,3.35981242827188e-15,3.35981242827188e-15,3.35981242827188e-15,3.35981242827188e-15,3.35981242827188e-15,3.35981242827188e-15,3.35981242827188e-15
"105261",1.00215641432078,0.963032258964457,0.931989383156827,0.893328251370709,0.850617200240496,0.809296184416734,0.765287759834341,0.719230455870844,0.673014253422323,0.642736267139056,0.618294993106099,0.595559902237888,0.570866506130567,0.549424184046426,0.526821012872142,0.503484405419985,0.478112959589823,0.4522547299803,0.418158303893878,0.384177766564806,0.351444093351235,0.320106259001778,0.289575998615526,0.261646474623503,0.23479687660158,0.209067527867857,0.184676212985456,0.161037848155946,0.138636984346839,0.117057253031383,0.096520073991312,0.0772717562641633,0.0590111667142482,0.0417034912055099,0.0283371651401259,0.0172276011511521,0.00780280648844819,2.68043920392813e-13,2.68043920392813e-13,2.68043920392813e-13,2.68043920392813e-13,2.68043920392813e-13,2.68043920392813e-13,2.68043920392813e-13,2.68043920392813e-13,2.68043920392813e-13,2.68043920392813e-13,2.68043920392813e-13,2.68043920392813e-13,2.68043920392813e-13,2.68043920392813e-13
"105262",0.644647059341514,0.607435703955673,0.575931539578305,0.541946169538824,0.506089214847085,0.468358460124187,0.429942175150515,0.388998548892255,0.349666585158559,0.32291310428179,0.301455173205823,0.284383679331021,0.269108126995063,0.255257630286943,0.242870662193058,0.231292452544514,0.219539141459734,0.208057755447888,0.191748641563331,0.176038712722816,0.160842901433045,0.146648062965294,0.13298887177752,0.120424037116749,0.10845425532624,0.0968788463929353,0.0859194505709579,0.0757434503689002,0.066058288757335,0.0566956675430017,0.0477530717202096,0.0394115887223263,0.0314523928050574,0.0238531741600652,0.0169187299791268,0.0105986595011949,0.0049142281625097,6.3948846218409e-14,6.3948846218409e-14,6.3948846218409e-14,6.3948846218409e-14,6.3948846218409e-14,6.3948846218409e-14,6.3948846218409e-14,6.3948846218409e-14,6.3948846218409e-14,6.3948846218409e-14,6.3948846218409e-14,6.3948846218409e-14,6.3948846218409e-14,6.3948846218409e-14
"105265",0.662094244248146,0.661928454106604,0.666600295359416,0.670799914318891,0.675025394834067,0.678510891198653,0.680508792046874,0.680764876203366,0.680543609594739,0.679991141184467,0.678369331205259,0.674511814001293,0.669828645847405,0.66026780113492,0.642679921466494,0.619714755373138,0.593620569326813,0.565520881621532,0.523053776531411,0.479990122306431,0.437832438681333,0.398764802475608,0.360643465959501,0.326111583967777,0.292841775248511,0.261561950727568,0.23145928711787,0.202981359248711,0.175822936635624,0.150077109915095,0.125091150656043,0.101786721310601,0.0794238354893976,0.0581304883214785,0.040417842528987,0.0250132777954146,0.011627869258286,7.67330643469677e-14,7.67330643469677e-14,7.67330643469677e-14,7.67330643469677e-14,7.67330643469677e-14,7.67330643469677e-14,7.67330643469677e-14,7.67330643469677e-14,7.67330643469677e-14,7.67330643469677e-14,7.67330643469677e-14,7.67330643469677e-14,7.67330643469677e-14,7.67330643469677e-14
"105266",1.17409057462937,1.1849743493878,1.19906122089942,1.20815015976326,1.21562415612748,1.21510874340897,1.21223164273463,1.20268629688538,1.19204269939122,1.1796778597176,1.1597395359595,1.13781313581043,1.11274187388877,1.08178674020326,1.04649891610125,1.00911905519192,0.966406070470981,0.922222143882017,0.870852098109188,0.803551921949767,0.737904582824412,0.674242564824119,0.613351080749555,0.557165642981232,0.501866139462707,0.450735931914644,0.400330271178595,0.352673774591307,0.307920581858681,0.263773898307304,0.222234468898567,0.182368666533317,0.145046297121042,0.109986854234025,0.0808989475306592,0.0564657249823283,0.035418433997432,0.0173026439988136,1.41500700046038e-13,1.41500700046038e-13,1.41500700046038e-13,1.41500700046038e-13,1.41500700046038e-13,1.41500700046038e-13,1.41500700046038e-13,1.41500700046038e-13,1.41500700046038e-13,1.41500700046038e-13,1.41500700046038e-13,1.41500700046038e-13,1.41500700046038e-13
"105267",1.36591042455693,1.38540580042835,1.40950343708687,1.43045443397569,1.43376036393564,1.44141113733359,1.4404876532602,1.4349292167843,1.4205801727908,1.40359392167631,1.37602723369096,1.34957669458771,1.31517674261358,1.28149084775111,1.23980152229912,1.19550307027498,1.14874635903141,1.09889861427207,1.04245218803176,0.961675967948596,0.881601049198723,0.80982637170287,0.736940612870658,0.667472317784189,0.609552736007283,0.546600820589987,0.486136694471296,0.426909182982529,0.372141920318385,0.319975486321055,0.269650519089405,0.224671486816295,0.181696641648012,0.13842950443454,0.103191769819145,0.0731647952764269,0.047539937876054,0.0225984954523702,-3.3177627312142e-13,-3.3177627312142e-13,-3.3177627312142e-13,-3.3177627312142e-13,-3.3177627312142e-13,-3.3177627312142e-13,-3.3177627312142e-13,-3.3177627312142e-13,-3.3177627312142e-13,-3.3177627312142e-13,-3.3177627312142e-13,-3.3177627312142e-13,-3.3177627312142e-13
"105268",1.42716381215796,1.4529989202269,1.48245352300785,1.50501183475574,1.51978684703398,1.52463808815448,1.52567527026336,1.50827199711366,1.49945677731283,1.47785188973852,1.47589618231736,1.4270358210965,1.3869706996734,1.34626676493096,1.30188670652663,1.25856632752958,1.20802143212986,1.15517375512148,1.09141339033286,1.00473444447935,0.916177193934357,0.836494174774863,0.758830921922425,0.685370885967933,0.615559852427268,0.550980938719881,0.489045924544923,0.436449785992326,0.376225367066543,0.322567624674521,0.271332210366245,0.230631819772853,0.188249606165244,0.144672533731237,0.108367509476396,0.0771086934495263,0.0492480148861628,0.0220290418770052,3.56106810706081e-13,3.56106810706081e-13,3.56106810706081e-13,3.56106810706081e-13,3.56106810706081e-13,3.56106810706081e-13,3.56106810706081e-13,3.56106810706081e-13,3.56106810706081e-13,3.56106810706081e-13,3.56106810706081e-13,3.56106810706081e-13,3.56106810706081e-13
"105269",1.39038394790405,1.4091522729862,1.43095879168559,1.45093294874821,1.45491806514493,1.45621691005093,1.44657266568146,1.43260154666872,1.38042609271337,1.34209895504937,1.29838619393547,1.25986924654035,1.21502587969628,1.17223024435268,1.12407386334445,1.07465586357569,1.02612228733733,0.975687128585855,0.917776260649056,0.832349181094698,0.746788896820327,0.678711583651618,0.608897597763364,0.543570988466634,0.484967211633687,0.428034211399107,0.376162490745136,0.325155384729084,0.306801911150904,0.273147332674746,0.236008722801817,0.200361581682977,0.165191296317738,0.128478529568217,0.0977419267873489,0.0703153148269602,0.0459322623641495,0.0207990976917575,-2.3358537326601e-13,-2.3358537326601e-13,-2.3358537326601e-13,-2.3358537326601e-13,-2.3358537326601e-13,-2.3358537326601e-13,-2.3358537326601e-13,-2.3358537326601e-13,-2.3358537326601e-13,-2.3358537326601e-13,-2.3358537326601e-13,-2.3358537326601e-13,-2.3358537326601e-13
"105270",1.28894644021493,1.30582576459287,1.31752377438182,1.32758690890578,1.32167159162424,1.31102452876769,1.29818893979665,1.27667763419638,1.25561490096126,1.22416023162142,1.18357729661153,1.1417296143155,1.09678833029703,1.04871123810996,1.00236836124463,0.959272772179655,0.904788973159466,0.855578603734141,0.797584767439547,0.736224520538354,0.673305374978616,0.6172450557564,0.563793398003145,0.514820092428055,0.468798197281969,0.424067308660906,0.382276335250548,0.343578444192575,0.30406594618833,0.270141799140407,0.238552178935385,0.209087327443571,0.181733454405037,0.155793685313251,0.131099364579979,0.108475911628687,0.0867400367915757,0.0636743352041232,0.04419674071137,0.0292581443095523,0.0190379675961729,0.0119442943148278,0.00668065278386891,0.00285852102364522,-2.94316654381177e-14,-2.94316654381177e-14,-2.94316654381177e-14,-2.94316654381177e-14,-2.94316654381177e-14,-2.94316654381177e-14,-2.94316654381177e-14
"105271",1.30226485232633,1.30656148856112,1.30681420884005,1.30761684651914,1.29640179941321,1.28020314153245,1.26355032393193,1.24094282965191,1.21407641078194,1.18161411047522,1.15030677789155,1.10618673270648,1.05787154759284,1.01375055233878,0.967219477821449,0.913494912195134,0.860964652863036,0.811220840720076,0.76216208125444,0.707130061977569,0.647054692853535,0.597322581704178,0.55057024615198,0.507229268361469,0.466024677205052,0.427174427345219,0.388516642737413,0.352880856296755,0.318586224674944,0.286639668187289,0.253341101253831,0.225830838143409,0.199789398525332,0.174658181695542,0.150673523731015,0.127319654700119,0.104829051387208,0.0802228053260381,0.0594000844552875,0.0431914701228217,0.0306473936707385,0.0210923625146395,0.0135061048491283,0.0077365737135742,0.00323152490392506,-3.03843061821851e-13,-3.03843061821851e-13,-3.03843061821851e-13,-3.03843061821851e-13,-3.03843061821851e-13,-3.03843061821851e-13
"105272",1.27694707491246,1.29225742523985,1.30395174989165,1.30632164311886,1.29963498358479,1.28621534641733,1.2687066311839,1.24735752901064,1.22629024172728,1.20022682986778,1.16752419470113,1.13208594561761,1.09224940150336,1.04879912198472,1.00717363052676,0.963293211365534,0.915199188847242,0.872173230298217,0.82578425308933,0.772867829586356,0.718260172797914,0.672211485165369,0.626137575400225,0.583091344092814,0.539177523478004,0.499972855288531,0.463007653005678,0.424763382314176,0.388054788864848,0.351563389201983,0.31551263919818,0.282205460954912,0.249893970810384,0.218129066768836,0.187523453700243,0.157888517162032,0.128529424260859,0.0978793725984773,0.0728165679985054,0.0541009442039293,0.0396525317507713,0.028589148115233,0.0196856576576445,0.0128043086074918,0.00736566043082333,0.00316684122489553,4.20186802019273e-13,4.20186802019273e-13,4.20186802019273e-13,4.20186802019273e-13,4.20186802019273e-13
"105273",NA,NA,NA,NA,NA,NA,NA,NA,NA,NA,NA,NA,NA,NA,NA,NA,NA,NA,NA,NA,NA,NA,NA,NA,NA,NA,NA,NA,NA,NA,NA,NA,NA,NA,NA,NA,NA,NA,NA,NA,NA,NA,NA,NA,NA,NA,NA,NA,NA,NA,NA
"105274",1.14782175266882,1.16692714117069,1.17932202527102,1.18686622089734,1.18428927551171,1.1776927528082,1.16617096675505,1.1504322095137,1.13346050792419,1.11724176037091,1.09862718530167,1.07743067334034,1.05703889244782,1.03677031383981,1.0138724574719,0.983290155459024,0.963977211058997,0.944925227755361,0.919414482544907,0.883576353635428,0.843018745734337,0.805152589364062,0.766390983853255,0.726798425877176,0.685025846140095,0.642897460768048,0.600625322347572,0.559241938757727,0.514943094541605,0.470490739242248,0.425547590769805,0.383548543053,0.342933610062781,0.295692934522592,0.25243592114417,0.210246122334104,0.163587455409941,0.125025446114876,0.0931898536790239,0.0690072551811308,0.0513935448202724,0.0379660722614657,0.0270995872226134,0.0187672017274079,0.012187816503433,0.00710195703441051,0.00309950374924146,-1.19452364666373e-13,-1.19452364666373e-13,-1.19452364666373e-13,-1.19452364666373e-13
"105275",1.16473548439099,1.16273611697238,1.1601227169902,1.14907882169246,1.13273987245638,1.11580242418371,1.09807319890952,1.07814445129091,1.05941375821057,1.05587805156096,1.05508476755963,1.047534502938,1.03449488031212,1.01371054699333,0.995876216069355,0.97631463210391,0.96136967663583,0.95007196706538,0.931812075123835,0.90566910851451,0.868971675843234,0.833243530809183,0.794174247210923,0.755033234192763,0.713791867033361,0.67312636262996,0.629329315767717,0.58583304160154,0.540445756617991,0.493867982863872,0.448460604578646,0.4019749478052,0.357577716587858,0.314041744341091,0.270595369728968,0.228007769082385,0.177272038600985,0.133033898129365,0.0985433189864748,0.0727150590764061,0.0534678468789218,0.0390730819623588,0.0276502518520422,0.0189522320972482,0.0121926121106397,0.0070118843563449,0.00298595238719158,-2.14682091548291e-13,-2.14682091548291e-13,-2.14682091548291e-13,-2.14682091548291e-13
"105276",1.11507311513706,1.10170455232621,1.08866683708489,1.0731395099464,1.04583982085845,1.01765402135926,0.996862993075544,0.972756991693693,0.946853322124735,0.938763339090187,0.934024051310129,0.92393844168954,0.906997138764757,0.907955214728746,0.909057679480671,0.905574481632731,0.903599209416108,0.898384048576022,0.883377660805958,0.861079957626636,0.829467902016586,0.798306382750487,0.762664354831973,0.725565957882328,0.686801396405068,0.646620040000639,0.605493644135371,0.561461636324031,0.51784216605677,0.473727701248971,0.429923206388116,0.387455183226782,0.345041669190913,0.29745193061328,0.254043219303836,0.211937219042393,0.164794047790395,0.122708707859496,0.0897199389381456,0.064759688662454,0.0463385484348375,0.0327489151170804,0.0220917285703881,0.0140991672016509,0.00797560754197948,0.00336205921162403,2.39209346775127e-13,2.39209346775127e-13,2.39209346775127e-13,2.39209346775127e-13,2.39209346775127e-13
"105277",1.15724545816774,1.14063296040399,1.12076040129887,1.09556201245808,1.0560855246657,1.01978719187919,0.98127398135716,0.9415155845046,0.902513466364983,0.866070587495334,0.829880023287292,0.795551114355598,0.757776641985983,0.746415924760541,0.740480930705921,0.732820914422983,0.720786143352557,0.713355412406956,0.696849566680424,0.677314982810591,0.651296205242774,0.623394500423128,0.592434869905982,0.561996426717085,0.530613990479339,0.498700128662261,0.463910617635101,0.429203902830004,0.394982445127509,0.360521428513617,0.326676653332422,0.293874703883915,0.261563645192587,0.225024749797542,0.191587586319918,0.159539164643454,0.127320749798952,0.0919652359476863,0.0655975313766828,0.0445077472556039,0.0299369565945812,0.0198670594853681,0.0123901945856491,0.00697045134868847,0.00295200077512451,6.27257967789063e-13,6.27257967789063e-13,6.27257967789063e-13,6.27257967789063e-13,6.27257967789063e-13,6.27257967789063e-13
"105278",1.15815461707243,1.12553018313739,1.08639595179895,1.04161753881771,0.980341420730595,0.918311469282075,0.856326882748822,0.79470465589377,0.732871746858505,0.669187280777067,0.603973898970886,0.539584989524733,0.47557371613631,0.434568792804093,0.404031585681921,0.373877500067661,0.339479782405144,0.314264840190858,0.290999826726841,0.259494973136639,0.2298622261734,0.205120241500219,0.186230437317069,0.171005168442045,0.157656101451598,0.14537359904732,0.133633350842861,0.122462558778461,0.111535304483363,0.100640336921323,0.0899464371002086,0.0795487950879531,0.0692868192859757,0.0575132922450312,0.0464295791427771,0.0345105292499984,0.0234351543702574,0.0112991329730127,-2.50531539958132e-13,-2.50531539958132e-13,-2.50531539958132e-13,-2.50531539958132e-13,-2.50531539958132e-13,-2.50531539958132e-13,-2.50531539958132e-13,-2.50531539958132e-13,-2.50531539958132e-13,-2.50531539958132e-13,-2.50531539958132e-13,-2.50531539958132e-13,-2.50531539958132e-13
"105279",1.28714627983281,1.23008350710489,1.17054356404926,1.10903641991584,1.03174263318525,0.959102181884344,0.886525706363507,0.812111632058139,0.738821409410392,0.664989579313237,0.589205316432342,0.511027524513083,0.431074898327586,0.372393321181723,0.320394043625029,0.26583828032432,0.207861783738361,0.153136449758578,0.0996511137710244,0.0491389478629259,-2.4088508965292e-13,-2.4088508965292e-13,-2.4088508965292e-13,-2.4088508965292e-13,-2.4088508965292e-13,-2.4088508965292e-13,-2.4088508965292e-13,-2.4088508965292e-13,-2.4088508965292e-13,-2.4088508965292e-13,-2.4088508965292e-13,-2.4088508965292e-13,-2.4088508965292e-13,-2.4088508965292e-13,-2.4088508965292e-13,-2.4088508965292e-13,-2.4088508965292e-13,-2.4088508965292e-13,-2.4088508965292e-13,-2.4088508965292e-13,-2.4088508965292e-13,-2.4088508965292e-13,-2.4088508965292e-13,-2.4088508965292e-13,-2.4088508965292e-13,-2.4088508965292e-13,-2.4088508965292e-13,-2.4088508965292e-13,-2.4088508965292e-13,-2.4088508965292e-13,-2.4088508965292e-13
"105280",1.47461735193428,1.41403958529035,1.35057787569873,1.28638207079945,1.20754141900165,1.13477888019696,1.06231705138435,0.987514196261179,0.912606535322283,0.836340247991302,0.757095279907117,0.675338973156681,0.590678688656401,0.505661432010305,0.424940586646088,0.34626079932175,0.269835549579774,0.200126469311973,0.131944358448188,0.0655705102656527,4.86188866943849e-13,4.86188866943849e-13,4.86188866943849e-13,4.86188866943849e-13,4.86188866943849e-13,4.86188866943849e-13,4.86188866943849e-13,4.86188866943849e-13,4.86188866943849e-13,4.86188866943849e-13,4.86188866943849e-13,4.86188866943849e-13,4.86188866943849e-13,4.86188866943849e-13,4.86188866943849e-13,4.86188866943849e-13,4.86188866943849e-13,4.86188866943849e-13,4.86188866943849e-13,4.86188866943849e-13,4.86188866943849e-13,4.86188866943849e-13,4.86188866943849e-13,4.86188866943849e-13,4.86188866943849e-13,4.86188866943849e-13,4.86188866943849e-13,4.86188866943849e-13,4.86188866943849e-13,4.86188866943849e-13,4.86188866943849e-13
"105281",1.52622944372561,1.46359522245615,1.39886791318066,1.33372657320125,1.26808210583696,1.2004056714789,1.13049278161839,1.05773679329915,0.983254929651162,0.905955068782495,0.824858286099192,0.741933275188102,0.655817570226908,0.566243987598521,0.477870483735284,0.391166100922854,0.30711845481529,0.22990284304322,0.152379391138256,0.0761636482375424,-1.50546242139171e-14,-1.50546242139171e-14,-1.50546242139171e-14,-1.50546242139171e-14,-1.50546242139171e-14,-1.50546242139171e-14,-1.50546242139171e-14,-1.50546242139171e-14,-1.50546242139171e-14,-1.50546242139171e-14,-1.50546242139171e-14,-1.50546242139171e-14,-1.50546242139171e-14,-1.50546242139171e-14,-1.50546242139171e-14,-1.50546242139171e-14,-1.50546242139171e-14,-1.50546242139171e-14,-1.50546242139171e-14,-1.50546242139171e-14,-1.50546242139171e-14,-1.50546242139171e-14,-1.50546242139171e-14,-1.50546242139171e-14,-1.50546242139171e-14,-1.50546242139171e-14,-1.50546242139171e-14,-1.50546242139171e-14,-1.50546242139171e-14,-1.50546242139171e-14,-1.50546242139171e-14
"105282",1.12848716696026,1.08238260522526,1.03387335039075,0.985909802901685,0.93774164048867,0.8885423356995,0.837755919918893,0.785054376956745,0.729750724391217,0.671710732706432,0.6108551827433,0.54907214153268,0.484688017486509,0.420574002662228,0.356071465070401,0.293118491501096,0.231227596770201,0.17290418015428,0.113996971895822,0.0528672379711047,-2.98766567041753e-13,-2.98766567041753e-13,-2.98766567041753e-13,-2.98766567041753e-13,-2.98766567041753e-13,-2.98766567041753e-13,-2.98766567041753e-13,-2.98766567041753e-13,-2.98766567041753e-13,-2.98766567041753e-13,-2.98766567041753e-13,-2.98766567041753e-13,-2.98766567041753e-13,-2.98766567041753e-13,-2.98766567041753e-13,-2.98766567041753e-13,-2.98766567041753e-13,-2.98766567041753e-13,-2.98766567041753e-13,-2.98766567041753e-13,-2.98766567041753e-13,-2.98766567041753e-13,-2.98766567041753e-13,-2.98766567041753e-13,-2.98766567041753e-13,-2.98766567041753e-13,-2.98766567041753e-13,-2.98766567041753e-13,-2.98766567041753e-13,-2.98766567041753e-13,-2.98766567041753e-13
"105283",NA,NA,NA,NA,NA,NA,NA,NA,NA,NA,NA,NA,NA,NA,NA,NA,NA,NA,NA,NA,NA,NA,NA,NA,NA,NA,NA,NA,NA,NA,NA,NA,NA,NA,NA,NA,NA,NA,NA,NA,NA,NA,NA,NA,NA,NA,NA,NA,NA,NA,NA
"105974",NA,NA,NA,NA,NA,NA,NA,NA,NA,NA,NA,NA,NA,NA,NA,NA,NA,NA,NA,NA,NA,NA,NA,NA,NA,NA,NA,NA,NA,NA,NA,NA,NA,NA,NA,NA,NA,NA,NA,NA,NA,NA,NA,NA,NA,NA,NA,NA,NA,NA,NA
"105975",NA,NA,NA,NA,NA,NA,NA,NA,NA,NA,NA,NA,NA,NA,NA,NA,NA,NA,NA,NA,NA,NA,NA,NA,NA,NA,NA,NA,NA,NA,NA,NA,NA,NA,NA,NA,NA,NA,NA,NA,NA,NA,NA,NA,NA,NA,NA,NA,NA,NA,NA
"105976",NA,NA,NA,NA,NA,NA,NA,NA,NA,NA,NA,NA,NA,NA,NA,NA,NA,NA,NA,NA,NA,NA,NA,NA,NA,NA,NA,NA,NA,NA,NA,NA,NA,NA,NA,NA,NA,NA,NA,NA,NA,NA,NA,NA,NA,NA,NA,NA,NA,NA,NA
"105977",NA,NA,NA,NA,NA,NA,NA,NA,NA,NA,NA,NA,NA,NA,NA,NA,NA,NA,NA,NA,NA,NA,NA,NA,NA,NA,NA,NA,NA,NA,NA,NA,NA,NA,NA,NA,NA,NA,NA,NA,NA,NA,NA,NA,NA,NA,NA,NA,NA,NA,NA
"105978",NA,NA,NA,NA,NA,NA,NA,NA,NA,NA,NA,NA,NA,NA,NA,NA,NA,NA,NA,NA,NA,NA,NA,NA,NA,NA,NA,NA,NA,NA,NA,NA,NA,NA,NA,NA,NA,NA,NA,NA,NA,NA,NA,NA,NA,NA,NA,NA,NA,NA,NA
"105979",NA,NA,NA,NA,NA,NA,NA,NA,NA,NA,NA,NA,NA,NA,NA,NA,NA,NA,NA,NA,NA,NA,NA,NA,NA,NA,NA,NA,NA,NA,NA,NA,NA,NA,NA,NA,NA,NA,NA,NA,NA,NA,NA,NA,NA,NA,NA,NA,NA,NA,NA
"105980",NA,NA,NA,NA,NA,NA,NA,NA,NA,NA,NA,NA,NA,NA,NA,NA,NA,NA,NA,NA,NA,NA,NA,NA,NA,NA,NA,NA,NA,NA,NA,NA,NA,NA,NA,NA,NA,NA,NA,NA,NA,NA,NA,NA,NA,NA,NA,NA,NA,NA,NA
"105981",NA,NA,NA,NA,NA,NA,NA,NA,NA,NA,NA,NA,NA,NA,NA,NA,NA,NA,NA,NA,NA,NA,NA,NA,NA,NA,NA,NA,NA,NA,NA,NA,NA,NA,NA,NA,NA,NA,NA,NA,NA,NA,NA,NA,NA,NA,NA,NA,NA,NA,NA
"105982",NA,NA,NA,NA,NA,NA,NA,NA,NA,NA,NA,NA,NA,NA,NA,NA,NA,NA,NA,NA,NA,NA,NA,NA,NA,NA,NA,NA,NA,NA,NA,NA,NA,NA,NA,NA,NA,NA,NA,NA,NA,NA,NA,NA,NA,NA,NA,NA,NA,NA,NA
"105987",NA,NA,NA,NA,NA,NA,NA,NA,NA,NA,NA,NA,NA,NA,NA,NA,NA,NA,NA,NA,NA,NA,NA,NA,NA,NA,NA,NA,NA,NA,NA,NA,NA,NA,NA,NA,NA,NA,NA,NA,NA,NA,NA,NA,NA,NA,NA,NA,NA,NA,NA
"105988",NA,NA,NA,NA,NA,NA,NA,NA,NA,NA,NA,NA,NA,NA,NA,NA,NA,NA,NA,NA,NA,NA,NA,NA,NA,NA,NA,NA,NA,NA,NA,NA,NA,NA,NA,NA,NA,NA,NA,NA,NA,NA,NA,NA,NA,NA,NA,NA,NA,NA,NA
"105989",NA,NA,NA,NA,NA,NA,NA,NA,NA,NA,NA,NA,NA,NA,NA,NA,NA,NA,NA,NA,NA,NA,NA,NA,NA,NA,NA,NA,NA,NA,NA,NA,NA,NA,NA,NA,NA,NA,NA,NA,NA,NA,NA,NA,NA,NA,NA,NA,NA,NA,NA
"105990",NA,NA,NA,NA,NA,NA,NA,NA,NA,NA,NA,NA,NA,NA,NA,NA,NA,NA,NA,NA,NA,NA,NA,NA,NA,NA,NA,NA,NA,NA,NA,NA,NA,NA,NA,NA,NA,NA,NA,NA,NA,NA,NA,NA,NA,NA,NA,NA,NA,NA,NA
"105991",1.82397831007838,1.82583267334337,1.82392729045227,1.81515384899983,1.7927123802891,1.75757043364027,1.7153895086412,1.66565521806723,1.60836013891074,1.54669075360403,1.4571943686504,1.37737542959934,1.29426882391361,1.21915677560005,1.14013887820186,1.06110792923144,0.976656810137441,0.895150382609488,0.797243556546415,0.692003744034573,0.613253995018247,0.548333620189694,0.48853859580397,0.435750703563912,0.386402061102413,0.342631672873124,0.302885138419417,0.264977848590945,0.229550479321103,0.194070769581631,0.177228008440056,0.151543728657168,0.1245839140788,0.0977008853070102,0.0720739655775635,0.0468242651783895,0.022409383475754,1.47948320261548e-13,1.47948320261548e-13,1.47948320261548e-13,1.47948320261548e-13,1.47948320261548e-13,1.47948320261548e-13,1.47948320261548e-13,1.47948320261548e-13,1.47948320261548e-13,1.47948320261548e-13,1.47948320261548e-13,1.47948320261548e-13,1.47948320261548e-13,1.47948320261548e-13
"105992",1.82658076195949,1.84516225492626,1.85092418281511,1.84404047034593,1.81054410231807,1.78627087931996,1.7456216176271,1.70440119134761,1.65917238966135,1.61277011251407,1.55812433982107,1.49325734793171,1.4310172872551,1.37513938819641,1.30643675364961,1.23736761461421,1.15954412435793,1.08616058091491,0.991182367913809,0.886564396373028,0.810860838346429,0.737895841495426,0.671162138707628,0.608680742735624,0.569491889629615,0.520109932423502,0.46924201983764,0.419494613721021,0.371046472549967,0.323276754032326,0.274000130460407,0.229474637996352,0.185359109119483,0.142990361401764,0.102880171105064,0.0630701742140266,0.0291177615872538,-8.1246120942069e-14,-8.1246120942069e-14,-8.1246120942069e-14,-8.1246120942069e-14,-8.1246120942069e-14,-8.1246120942069e-14,-8.1246120942069e-14,-8.1246120942069e-14,-8.1246120942069e-14,-8.1246120942069e-14,-8.1246120942069e-14,-8.1246120942069e-14,-8.1246120942069e-14,-8.1246120942069e-14
"105993",1.63327058854484,1.64857705180736,1.6634080451786,1.67197610640548,1.66258351584087,1.64504040327436,1.63955519265465,1.61705792398492,1.5871904143354,1.54639886680683,1.50447391033881,1.46777713041688,1.41978369673994,1.36548083462583,1.30678149668965,1.26049540751782,1.20848785614564,1.16650511678391,1.08058762411269,1.02919462762732,0.951571348775292,0.88813886637595,0.821792563941273,0.755676873709309,0.698551195352126,0.637298061577011,0.576430734161205,0.516482971364003,0.456686093218983,0.397834906533939,0.338323247601903,0.28490081233463,0.23284098857769,0.179848792596474,0.126387151967151,0.0756477946939157,0.0342573961205647,-2.14100959183838e-13,-2.14100959183838e-13,-2.14100959183838e-13,-2.14100959183838e-13,-2.14100959183838e-13,-2.14100959183838e-13,-2.14100959183838e-13,-2.14100959183838e-13,-2.14100959183838e-13,-2.14100959183838e-13,-2.14100959183838e-13,-2.14100959183838e-13,-2.14100959183838e-13,-2.14100959183838e-13
"105994",1.58121166005585,1.59194778728969,1.60423410753874,1.62513621085642,1.62596285421493,1.6140963217721,1.60288718649257,1.5817941033777,1.55750980403864,1.52488246527046,1.50672761690626,1.48537413934014,1.44587879598784,1.41068366577442,1.36294250921916,1.30633285716059,1.29243469794579,1.26926252594227,1.19842598703246,1.1339255941521,1.05545438508402,0.991956470925968,0.92252196494281,0.852859575564811,0.785725355966481,0.71911195906921,0.652479338681694,0.585409927267928,0.518939253025057,0.452852036499438,0.386599418798695,0.328014738763278,0.267189317928451,0.207115670039986,0.146733520400549,0.0879859567718099,0.0398518386790634,-1.89054327748295e-13,-1.89054327748295e-13,-1.89054327748295e-13,-1.89054327748295e-13,-1.89054327748295e-13,-1.89054327748295e-13,-1.89054327748295e-13,-1.89054327748295e-13,-1.89054327748295e-13,-1.89054327748295e-13,-1.89054327748295e-13,-1.89054327748295e-13,-1.89054327748295e-13,-1.89054327748295e-13
"105995",NA,NA,NA,NA,NA,NA,NA,NA,NA,NA,NA,NA,NA,NA,NA,NA,NA,NA,NA,NA,NA,NA,NA,NA,NA,NA,NA,NA,NA,NA,NA,NA,NA,NA,NA,NA,NA,NA,NA,NA,NA,NA,NA,NA,NA,NA,NA,NA,NA,NA,NA
"105996",NA,NA,NA,NA,NA,NA,NA,NA,NA,NA,NA,NA,NA,NA,NA,NA,NA,NA,NA,NA,NA,NA,NA,NA,NA,NA,NA,NA,NA,NA,NA,NA,NA,NA,NA,NA,NA,NA,NA,NA,NA,NA,NA,NA,NA,NA,NA,NA,NA,NA,NA
"105997",NA,NA,NA,NA,NA,NA,NA,NA,NA,NA,NA,NA,NA,NA,NA,NA,NA,NA,NA,NA,NA,NA,NA,NA,NA,NA,NA,NA,NA,NA,NA,NA,NA,NA,NA,NA,NA,NA,NA,NA,NA,NA,NA,NA,NA,NA,NA,NA,NA,NA,NA
"105998",NA,NA,NA,NA,NA,NA,NA,NA,NA,NA,NA,NA,NA,NA,NA,NA,NA,NA,NA,NA,NA,NA,NA,NA,NA,NA,NA,NA,NA,NA,NA,NA,NA,NA,NA,NA,NA,NA,NA,NA,NA,NA,NA,NA,NA,NA,NA,NA,NA,NA,NA
"105999",NA,NA,NA,NA,NA,NA,NA,NA,NA,NA,NA,NA,NA,NA,NA,NA,NA,NA,NA,NA,NA,NA,NA,NA,NA,NA,NA,NA,NA,NA,NA,NA,NA,NA,NA,NA,NA,NA,NA,NA,NA,NA,NA,NA,NA,NA,NA,NA,NA,NA,NA
"106000",1.92326844936397,1.93799669336267,1.93771576107603,1.92924042539257,1.91336978631771,1.88962289806829,1.8594429996967,1.82161371445389,1.77903416760621,1.73113021139435,1.67832421263392,1.61980431605199,1.5553040065605,1.48502901550494,1.42358809169079,1.36346304696621,1.324855711661,1.29472277468206,1.25668307642174,1.21755079173583,1.1684341203819,1.10736010362955,1.05528525569121,1.00853581173133,0.962675979091266,0.916944060724021,0.870912170168821,0.827373483045566,0.782917825561906,0.737323291735186,0.691995213689541,0.649456014577915,0.606958666130441,0.565066095226321,0.524682731732124,0.485139692641782,0.445196288828992,0.405456551413123,0.368791379085813,0.328951131169993,0.293437827209601,0.262159161799448,0.232943926108974,0.206623892383686,0.182908283411664,0.16303967548746,0.146495576068089,0.1276348768245,0.11207301167557,0.0991049641285048,0.0880027733526668
"106001",1.89864180032964,1.91462868881723,1.91400512320766,1.92207133648951,1.91462181609808,1.89288922838519,1.86010825364125,1.81663626491562,1.7662137467282,1.71014255574065,1.64650801126716,1.57806033497229,1.50651055190213,1.42984942938481,1.35447273402263,1.27998133793665,1.22568990230659,1.14416062439476,1.05822355968531,0.967829502082215,0.87314065105231,0.775616803778719,0.689692303702453,0.611133793159752,0.545611876637016,0.487070115031736,0.432152640921329,0.380904071501081,0.332304563533278,0.284940321540341,0.2392998791029,0.195816104693805,0.153680938013464,0.113179909938439,0.0747066676924906,0.0370432244865125,-3.15358850144776e-13,-3.15358850144776e-13,-3.15358850144776e-13,-3.15358850144776e-13,-3.15358850144776e-13,-3.15358850144776e-13,-3.15358850144776e-13,-3.15358850144776e-13,-3.15358850144776e-13,-3.15358850144776e-13,-3.15358850144776e-13,-3.15358850144776e-13,-3.15358850144776e-13,-3.15358850144776e-13,-3.15358850144776e-13
"106002",1.64206282887317,1.64998779772761,1.6400761096247,1.57610615086219,1.51320240872736,1.44533117724316,1.37073526505176,1.28878265673985,1.2021382351102,1.1101360805176,1.01257704143047,0.912007982535945,0.808288508219736,0.720164529049533,0.634187829983449,0.543840262062448,0.463551163883044,0.389912649499022,0.312664775191296,0.232421622793763,0.1513821633379,0.0700545679215422,8.47433234696382e-14,8.47433234696382e-14,8.47433234696382e-14,8.47433234696382e-14,8.47433234696382e-14,8.47433234696382e-14,8.47433234696382e-14,8.47433234696382e-14,8.47433234696382e-14,8.47433234696382e-14,8.47433234696382e-14,8.47433234696382e-14,8.47433234696382e-14,8.47433234696382e-14,8.47433234696382e-14,8.47433234696382e-14,8.47433234696382e-14,8.47433234696382e-14,8.47433234696382e-14,8.47433234696382e-14,8.47433234696382e-14,8.47433234696382e-14,8.47433234696382e-14,8.47433234696382e-14,8.47433234696382e-14,8.47433234696382e-14,8.47433234696382e-14,8.47433234696382e-14,8.47433234696382e-14
"106003",1.12606283460846,1.10571464686542,1.07375813570141,1.02469495487201,0.977526959222685,0.928492082572237,0.875298363465965,0.817016594085923,0.755539557199981,0.690445240303004,0.621748619845982,0.550581565239685,0.475385391446871,0.412034879605515,0.355448383490921,0.300419741167834,0.246823219230225,0.196789866832421,0.146761521298644,0.10260904774706,0.0667729960925935,0.0305407753439768,4.71067629348454e-14,4.71067629348454e-14,4.71067629348454e-14,4.71067629348454e-14,4.71067629348454e-14,4.71067629348454e-14,4.71067629348454e-14,4.71067629348454e-14,4.71067629348454e-14,4.71067629348454e-14,4.71067629348454e-14,4.71067629348454e-14,4.71067629348454e-14,4.71067629348454e-14,4.71067629348454e-14,4.71067629348454e-14,4.71067629348454e-14,4.71067629348454e-14,4.71067629348454e-14,4.71067629348454e-14,4.71067629348454e-14,4.71067629348454e-14,4.71067629348454e-14,4.71067629348454e-14,4.71067629348454e-14,4.71067629348454e-14,4.71067629348454e-14,4.71067629348454e-14,4.71067629348454e-14
"106694",NA,NA,NA,NA,NA,NA,NA,NA,NA,NA,NA,NA,NA,NA,NA,NA,NA,NA,NA,NA,NA,NA,NA,NA,NA,NA,NA,NA,NA,NA,NA,NA,NA,NA,NA,NA,NA,NA,NA,NA,NA,NA,NA,NA,NA,NA,NA,NA,NA,NA,NA
"106695",NA,NA,NA,NA,NA,NA,NA,NA,NA,NA,NA,NA,NA,NA,NA,NA,NA,NA,NA,NA,NA,NA,NA,NA,NA,NA,NA,NA,NA,NA,NA,NA,NA,NA,NA,NA,NA,NA,NA,NA,NA,NA,NA,NA,NA,NA,NA,NA,NA,NA,NA
"106696",NA,NA,NA,NA,NA,NA,NA,NA,NA,NA,NA,NA,NA,NA,NA,NA,NA,NA,NA,NA,NA,NA,NA,NA,NA,NA,NA,NA,NA,NA,NA,NA,NA,NA,NA,NA,NA,NA,NA,NA,NA,NA,NA,NA,NA,NA,NA,NA,NA,NA,NA
"106697",NA,NA,NA,NA,NA,NA,NA,NA,NA,NA,NA,NA,NA,NA,NA,NA,NA,NA,NA,NA,NA,NA,NA,NA,NA,NA,NA,NA,NA,NA,NA,NA,NA,NA,NA,NA,NA,NA,NA,NA,NA,NA,NA,NA,NA,NA,NA,NA,NA,NA,NA
"106698",NA,NA,NA,NA,NA,NA,NA,NA,NA,NA,NA,NA,NA,NA,NA,NA,NA,NA,NA,NA,NA,NA,NA,NA,NA,NA,NA,NA,NA,NA,NA,NA,NA,NA,NA,NA,NA,NA,NA,NA,NA,NA,NA,NA,NA,NA,NA,NA,NA,NA,NA
"106699",NA,NA,NA,NA,NA,NA,NA,NA,NA,NA,NA,NA,NA,NA,NA,NA,NA,NA,NA,NA,NA,NA,NA,NA,NA,NA,NA,NA,NA,NA,NA,NA,NA,NA,NA,NA,NA,NA,NA,NA,NA,NA,NA,NA,NA,NA,NA,NA,NA,NA,NA
"106700",NA,NA,NA,NA,NA,NA,NA,NA,NA,NA,NA,NA,NA,NA,NA,NA,NA,NA,NA,NA,NA,NA,NA,NA,NA,NA,NA,NA,NA,NA,NA,NA,NA,NA,NA,NA,NA,NA,NA,NA,NA,NA,NA,NA,NA,NA,NA,NA,NA,NA,NA
"106701",1.75064239013591,1.76231499834059,1.77971895342615,1.77429771872554,1.7624787035353,1.75344891366407,1.73769033253632,1.71285548441606,1.67760924693951,1.62394803317349,1.59555980860385,1.56281115026497,1.5243299982809,1.48192675003959,1.44391049429725,1.4001067185854,1.3424284789751,1.28396227680741,1.22212350036095,1.15927394623028,1.09287859810934,1.029256407562,0.966922821763997,0.908980882832536,0.849383230942749,0.790281586998746,0.731406480748851,0.674211063172589,0.622113527954359,0.570585991023596,0.521102295971735,0.475075277363673,0.43112003580567,0.389879146992672,0.348349063648836,0.311716759044925,0.276815682858598,0.245427953125096,0.214752579458391,0.186846659525591,0.161078456938392,0.137367598989874,0.114507472410652,0.0937530595755626,0.0762430037905313,0.0612181630185115,0.0497837222562225,0.0405728372818892,0.0319687807496564,0.0249247794261629,0.0190626646900124
"106702",1.67630296477218,1.68551984651111,1.69651138822018,1.69761978474338,1.68879387616131,1.67316001820036,1.65410897554067,1.62462978709175,1.58747462464767,1.53289997021446,1.49543468393377,1.45843695343609,1.42146758248705,1.3812519263607,1.34023962513746,1.28956683531433,1.23968029834298,1.18625799894391,1.13215626267921,1.07466030214424,1.01666277001282,0.956436449205126,0.900222038360269,0.826944326169018,0.75756300222706,0.690849639822399,0.627285022703338,0.568251666200226,0.513762205847361,0.462726631612543,0.413442309778739,0.367916669667362,0.324722359618637,0.28425810166663,0.241202533257745,0.203147175743744,0.167099065358043,0.135018395087507,0.104045817638995,0.0752978656222167,0.0484351531866588,0.0240413630536078,5.23620036219086e-13,5.23620036219086e-13,5.23620036219086e-13,5.23620036219086e-13,5.23620036219086e-13,5.23620036219086e-13,5.23620036219086e-13,5.23620036219086e-13,5.23620036219086e-13
"106703",1.56286358961079,1.58070984858201,1.59187150135095,1.59443274110538,1.58805127412739,1.57687491187817,1.55816708815853,1.53285164015214,1.50471992817,1.44821556679303,1.40122935477,1.35864439761569,1.3150783454453,1.26976672338996,1.21820685574911,1.16643814821978,1.10992999165004,1.05609191795361,0.999775598035884,0.946656330173375,0.890845918456588,0.822733304050396,0.769915920077812,0.723815722257669,0.679324381512178,0.635856354747171,0.593917937138423,0.554842984978119,0.508990212742259,0.465022712486809,0.423804307951205,0.385520084114213,0.349438384266753,0.315525877160145,0.279049202831709,0.245995269214537,0.217875732868947,0.190751110473262,0.163817914905227,0.138471861095648,0.114613827218281,0.0929561627587355,0.0717326511893424,0.0525944852717098,0.0364643985307583,0.0227222377145359,0.0107665837034404,-2.86985712971699e-13,-2.86985712971699e-13,-2.86985712971699e-13,-2.86985712971699e-13
"106709",NA,NA,NA,NA,NA,NA,NA,NA,NA,NA,NA,NA,NA,NA,NA,NA,NA,NA,NA,NA,NA,NA,NA,NA,NA,NA,NA,NA,NA,NA,NA,NA,NA,NA,NA,NA,NA,NA,NA,NA,NA,NA,NA,NA,NA,NA,NA,NA,NA,NA,NA
"106710",NA,NA,NA,NA,NA,NA,NA,NA,NA,NA,NA,NA,NA,NA,NA,NA,NA,NA,NA,NA,NA,NA,NA,NA,NA,NA,NA,NA,NA,NA,NA,NA,NA,NA,NA,NA,NA,NA,NA,NA,NA,NA,NA,NA,NA,NA,NA,NA,NA,NA,NA
"106711",NA,NA,NA,NA,NA,NA,NA,NA,NA,NA,NA,NA,NA,NA,NA,NA,NA,NA,NA,NA,NA,NA,NA,NA,NA,NA,NA,NA,NA,NA,NA,NA,NA,NA,NA,NA,NA,NA,NA,NA,NA,NA,NA,NA,NA,NA,NA,NA,NA,NA,NA
"106712",NA,NA,NA,NA,NA,NA,NA,NA,NA,NA,NA,NA,NA,NA,NA,NA,NA,NA,NA,NA,NA,NA,NA,NA,NA,NA,NA,NA,NA,NA,NA,NA,NA,NA,NA,NA,NA,NA,NA,NA,NA,NA,NA,NA,NA,NA,NA,NA,NA,NA,NA
"106713",NA,NA,NA,NA,NA,NA,NA,NA,NA,NA,NA,NA,NA,NA,NA,NA,NA,NA,NA,NA,NA,NA,NA,NA,NA,NA,NA,NA,NA,NA,NA,NA,NA,NA,NA,NA,NA,NA,NA,NA,NA,NA,NA,NA,NA,NA,NA,NA,NA,NA,NA
"106714",NA,NA,NA,NA,NA,NA,NA,NA,NA,NA,NA,NA,NA,NA,NA,NA,NA,NA,NA,NA,NA,NA,NA,NA,NA,NA,NA,NA,NA,NA,NA,NA,NA,NA,NA,NA,NA,NA,NA,NA,NA,NA,NA,NA,NA,NA,NA,NA,NA,NA,NA
"106715",NA,NA,NA,NA,NA,NA,NA,NA,NA,NA,NA,NA,NA,NA,NA,NA,NA,NA,NA,NA,NA,NA,NA,NA,NA,NA,NA,NA,NA,NA,NA,NA,NA,NA,NA,NA,NA,NA,NA,NA,NA,NA,NA,NA,NA,NA,NA,NA,NA,NA,NA
"106716",NA,NA,NA,NA,NA,NA,NA,NA,NA,NA,NA,NA,NA,NA,NA,NA,NA,NA,NA,NA,NA,NA,NA,NA,NA,NA,NA,NA,NA,NA,NA,NA,NA,NA,NA,NA,NA,NA,NA,NA,NA,NA,NA,NA,NA,NA,NA,NA,NA,NA,NA
"106717",NA,NA,NA,NA,NA,NA,NA,NA,NA,NA,NA,NA,NA,NA,NA,NA,NA,NA,NA,NA,NA,NA,NA,NA,NA,NA,NA,NA,NA,NA,NA,NA,NA,NA,NA,NA,NA,NA,NA,NA,NA,NA,NA,NA,NA,NA,NA,NA,NA,NA,NA
"106718",NA,NA,NA,NA,NA,NA,NA,NA,NA,NA,NA,NA,NA,NA,NA,NA,NA,NA,NA,NA,NA,NA,NA,NA,NA,NA,NA,NA,NA,NA,NA,NA,NA,NA,NA,NA,NA,NA,NA,NA,NA,NA,NA,NA,NA,NA,NA,NA,NA,NA,NA
"106719",NA,NA,NA,NA,NA,NA,NA,NA,NA,NA,NA,NA,NA,NA,NA,NA,NA,NA,NA,NA,NA,NA,NA,NA,NA,NA,NA,NA,NA,NA,NA,NA,NA,NA,NA,NA,NA,NA,NA,NA,NA,NA,NA,NA,NA,NA,NA,NA,NA,NA,NA
"106720",NA,NA,NA,NA,NA,NA,NA,NA,NA,NA,NA,NA,NA,NA,NA,NA,NA,NA,NA,NA,NA,NA,NA,NA,NA,NA,NA,NA,NA,NA,NA,NA,NA,NA,NA,NA,NA,NA,NA,NA,NA,NA,NA,NA,NA,NA,NA,NA,NA,NA,NA
"106721",NA,NA,NA,NA,NA,NA,NA,NA,NA,NA,NA,NA,NA,NA,NA,NA,NA,NA,NA,NA,NA,NA,NA,NA,NA,NA,NA,NA,NA,NA,NA,NA,NA,NA,NA,NA,NA,NA,NA,NA,NA,NA,NA,NA,NA,NA,NA,NA,NA,NA,NA
"106722",NA,NA,NA,NA,NA,NA,NA,NA,NA,NA,NA,NA,NA,NA,NA,NA,NA,NA,NA,NA,NA,NA,NA,NA,NA,NA,NA,NA,NA,NA,NA,NA,NA,NA,NA,NA,NA,NA,NA,NA,NA,NA,NA,NA,NA,NA,NA,NA,NA,NA,NA
"106723",NA,NA,NA,NA,NA,NA,NA,NA,NA,NA,NA,NA,NA,NA,NA,NA,NA,NA,NA,NA,NA,NA,NA,NA,NA,NA,NA,NA,NA,NA,NA,NA,NA,NA,NA,NA,NA,NA,NA,NA,NA,NA,NA,NA,NA,NA,NA,NA,NA,NA,NA
"106724",NA,NA,NA,NA,NA,NA,NA,NA,NA,NA,NA,NA,NA,NA,NA,NA,NA,NA,NA,NA,NA,NA,NA,NA,NA,NA,NA,NA,NA,NA,NA,NA,NA,NA,NA,NA,NA,NA,NA,NA,NA,NA,NA,NA,NA,NA,NA,NA,NA,NA,NA
"106725",NA,NA,NA,NA,NA,NA,NA,NA,NA,NA,NA,NA,NA,NA,NA,NA,NA,NA,NA,NA,NA,NA,NA,NA,NA,NA,NA,NA,NA,NA,NA,NA,NA,NA,NA,NA,NA,NA,NA,NA,NA,NA,NA,NA,NA,NA,NA,NA,NA,NA,NA
"106726",NA,NA,NA,NA,NA,NA,NA,NA,NA,NA,NA,NA,NA,NA,NA,NA,NA,NA,NA,NA,NA,NA,NA,NA,NA,NA,NA,NA,NA,NA,NA,NA,NA,NA,NA,NA,NA,NA,NA,NA,NA,NA,NA,NA,NA,NA,NA,NA,NA,NA,NA
"106732",0.955365228146547,0.968155551609547,0.979859248269044,0.995686845139611,1.00593961446672,1.01281559480323,1.01695274431051,1.01778348152338,1.01815028175405,1.01775614978819,1.01589309598531,1.01271710354662,1.00852701400405,1.00177679098265,0.994198196800884,0.985477618237123,0.973767971977345,0.960509701870873,0.950362851484316,0.937805760570253,0.923434724714406,0.869104437159444,0.815635291594743,0.757083804891753,0.703215648441181,0.652003515361268,0.6022204014042,0.554323079493672,0.507744305868721,0.461836147005677,0.41676643718477,0.372885080887179,0.329772854106673,0.287918548834197,0.247608575116162,0.207574954313126,0.167677581355969,0.129373442274834,0.0837360504428815,0.0410977437691638,-7.43849426498855e-16,-7.43849426498855e-16,-7.43849426498855e-16,-7.43849426498855e-16,-7.43849426498855e-16,-7.43849426498855e-16,-7.43849426498855e-16,-7.43849426498855e-16,-7.43849426498855e-16,-7.43849426498855e-16,-7.43849426498855e-16
"106733",1.57223605722538,1.59720944077894,1.62055422600844,1.64182595098619,1.65819912967024,1.67031331724924,1.67919173715031,1.6843360967967,1.68720723969719,1.68916438581895,1.68911044910798,1.68690886567924,1.6824399343282,1.67407217391796,1.66395218313321,1.65238299835434,1.63670212811374,1.61788211748122,1.59735826484756,1.57660185614209,1.55388442524561,1.53745500604726,1.51580403468977,1.4920708671355,1.46706166796517,1.44084213186694,1.41459402168861,1.38903851341361,1.36372697635221,1.33730729281619,1.31044140820989,1.28521602250703,1.2597375911899,1.23437168146937,1.21020778435181,1.18580484517585,1.16055588339136,1.13739562303152,1.11055542656278,1.08998645397322,1.06676647313189,1.03790799675817,1.01310562677282,0.992511647805102,0.972969288059925,0.956540778205758,0.940237380298775,0.924975104043826,0.911280859330963,0.89845457577557,0.885883016386164
"106734",1.03796680867163,1.05470947334044,1.07389575126899,1.08802257836286,1.10004124602935,1.10868142611548,1.11615203509124,1.12253808561033,1.12541536630045,1.13078207928753,1.13479397918404,1.13631158792414,1.13570127034128,1.13489138339259,1.13072916199741,1.12784978547295,1.12099350627457,1.11167116341878,1.10402803656559,1.09223762947766,1.0803734499907,1.07254001603183,1.06118222294983,1.05269508745108,1.04207612437136,1.03351912030371,1.02318565742862,1.01076229435256,1.00308686427337,0.989931500506901,0.977234835428108,0.967986623314356,0.957994391769785,0.946754357211106,0.93572711155361,0.923865575472076,0.913345788404495,0.904695695545452,0.89164720657207,0.880258086808104,0.870694853767536,0.858016177847025,0.845977170539493,0.835142112982791,0.826053116790984,0.816024759645839,0.808991212559045,0.804000657407132,0.795215726944476,0.788562102512472,0.784097154003773
"107410",NA,NA,NA,NA,NA,NA,NA,NA,NA,NA,NA,NA,NA,NA,NA,NA,NA,NA,NA,NA,NA,NA,NA,NA,NA,NA,NA,NA,NA,NA,NA,NA,NA,NA,NA,NA,NA,NA,NA,NA,NA,NA,NA,NA,NA,NA,NA,NA,NA,NA,NA
"107411",NA,NA,NA,NA,NA,NA,NA,NA,NA,NA,NA,NA,NA,NA,NA,NA,NA,NA,NA,NA,NA,NA,NA,NA,NA,NA,NA,NA,NA,NA,NA,NA,NA,NA,NA,NA,NA,NA,NA,NA,NA,NA,NA,NA,NA,NA,NA,NA,NA,NA,NA
"107412",NA,NA,NA,NA,NA,NA,NA,NA,NA,NA,NA,NA,NA,NA,NA,NA,NA,NA,NA,NA,NA,NA,NA,NA,NA,NA,NA,NA,NA,NA,NA,NA,NA,NA,NA,NA,NA,NA,NA,NA,NA,NA,NA,NA,NA,NA,NA,NA,NA,NA,NA
"107413",NA,NA,NA,NA,NA,NA,NA,NA,NA,NA,NA,NA,NA,NA,NA,NA,NA,NA,NA,NA,NA,NA,NA,NA,NA,NA,NA,NA,NA,NA,NA,NA,NA,NA,NA,NA,NA,NA,NA,NA,NA,NA,NA,NA,NA,NA,NA,NA,NA,NA,NA
"107414",0.366904861527291,0.321389005677586,0.273951588340872,0.232366874037559,0.193371506614355,0.165267645053001,0.143909932810572,0.126971433561394,0.113695974912518,0.10063024857403,0.0895595717254818,0.080205548330426,0.0720428710902895,0.0646889740490832,0.0581766667007644,0.0521721765225704,0.0463351117379012,0.0409106087162064,0.035728318122457,0.0310021614564407,0.0265486143561052,0.0224364082790338,0.0185628339378734,0.0150173986756419,0.0116783201870237,0.008525871488305,0.00550142842799786,0.00266004261463541,-4.10781478277222e-13,-4.10781478277222e-13,-4.10781478277222e-13,-4.10781478277222e-13,-4.10781478277222e-13,-4.10781478277222e-13,-4.10781478277222e-13,-4.10781478277222e-13,-4.10781478277222e-13,-4.10781478277222e-13,-4.10781478277222e-13,-4.10781478277222e-13,-4.10781478277222e-13,-4.10781478277222e-13,-4.10781478277222e-13,-4.10781478277222e-13,-4.10781478277222e-13,-4.10781478277222e-13,-4.10781478277222e-13,-4.10781478277222e-13,-4.10781478277222e-13,-4.10781478277222e-13,-4.10781478277222e-13
"107415",0.553576048980904,0.499132129618334,0.441603242590288,0.390273075854774,0.344567469300669,0.314342766220181,0.292027022946693,0.274347182563432,0.259866987481445,0.247122650800242,0.235119803247891,0.223572420673205,0.212565375895303,0.201376751880536,0.19042385314283,0.176680781580276,0.162614927498814,0.14924436001297,0.135584472101364,0.12244206169817,0.109503485057142,0.0973142580381754,0.0856168619101911,0.0747511656132948,0.06446922369984,0.0546950901717997,0.045292899996759,0.0364786609548409,0.0284415049496212,0.0214275333597013,0.0155132131312423,0.0106096986385911,0.00646278128063346,0.00294804879002552,5.19835563483895e-13,5.19835563483895e-13,5.19835563483895e-13,5.19835563483895e-13,5.19835563483895e-13,5.19835563483895e-13,5.19835563483895e-13,5.19835563483895e-13,5.19835563483895e-13,5.19835563483895e-13,5.19835563483895e-13,5.19835563483895e-13,5.19835563483895e-13,5.19835563483895e-13,5.19835563483895e-13,5.19835563483895e-13,5.19835563483895e-13
"107417",1.37605092317826,1.34937355931327,1.3552676112303,1.31546775557502,1.27590561773342,1.25434352743422,1.23455307190157,1.21227916888194,1.18167468728831,1.14880914064062,1.11064682700344,1.07127410360341,1.02708504056668,0.978020123152298,0.928965707928911,0.881013280705875,0.830151894007582,0.779997759907938,0.724282043475389,0.667111302694239,0.61106745375035,0.554962438745058,0.499198770895538,0.44703697730205,0.396540900848422,0.349175105642708,0.304398616923565,0.259872041770179,0.223459175125443,0.191844785866005,0.164820868294053,0.141120594172319,0.120334132822311,0.102222529777266,0.0865529759496282,0.072358766630098,0.0595220099080867,0.0480796964448229,0.0384993272071227,0.0305836826164997,0.0238942044739553,0.0183632125933798,0.0136525966045081,0.00970926469165733,0.00627084338055143,0.00286700140795469,-1.09527317770919e-13,-1.09527317770919e-13,-1.09527317770919e-13,-1.09527317770919e-13,-1.09527317770919e-13
"107418",1.65639188919813,1.64987153765611,1.67261887161051,1.6464222628865,1.61687814944353,1.60297442657921,1.58762684137215,1.56532799163037,1.53113699137139,1.48913941642806,1.43930223347807,1.38858331995057,1.33351448573426,1.27203667128952,1.20858039310474,1.15041888268788,1.09489128162359,1.03390560927131,0.966464195785963,0.896614999980341,0.828640548196084,0.760581151429846,0.692177232894649,0.628400534950629,0.565721519173653,0.506959665957201,0.450229639079741,0.396138667398517,0.352218757749976,0.313148629656811,0.276596872177356,0.244382599999738,0.215945188613941,0.190819185606001,0.168321202471812,0.147370235231055,0.12821855021558,0.11106839318473,0.0947783957393996,0.0801686586865386,0.0670882361355573,0.0556303716356391,0.0450101556622147,0.0355095863403353,0.0268652025677836,0.0189297400886618,0.0125878578426379,0.00769430706185274,0.00332887380673816,-4.03769379042629e-13,-4.03769379042629e-13
"107419",1.82138693221787,1.83164056259121,1.83238087014617,1.82739659215389,1.81073236050895,1.80487844409764,1.79085143698876,1.77167536793082,1.73811876880932,1.68918098722019,1.63200658049226,1.57548183148012,1.51251065978493,1.44217834714925,1.37033795869039,1.30584671543022,1.26931616348318,1.20623071351928,1.13227718252765,1.05552114008532,0.978686931879658,0.903988245173445,0.827531765873333,0.757700970217964,0.688357546426717,0.623490456285235,0.55987966168949,0.5000999158512,0.450690613913404,0.406811607501891,0.36868259082676,0.33411839166554,0.302532047293718,0.271857628251234,0.244396554846125,0.218121673191,0.193697335783507,0.17176626251587,0.150593716677973,0.130963715291112,0.112941901538083,0.0967466835056126,0.0813526123705859,0.0672059837066284,0.054053965512566,0.0418879385639006,0.0321565781184796,0.0243559631386309,0.0169827973453686,0.011120288494021,0.00639349934072982
"107420",1.93278449574864,1.95660754683359,1.97748003353401,1.98274963879538,1.97892993460237,1.97879332564493,1.96714600415003,1.94387480973966,1.90371680241034,1.8510421228511,1.79588979138282,1.73711599610193,1.67123324487239,1.59638929999221,1.52177308438161,1.45504101411232,1.42588516510186,1.35297813477052,1.27217318536437,1.18698414559758,1.1082656533399,1.03521268582416,0.952458001739837,0.87916710926825,0.80602134530338,0.737004924115427,0.671447451648308,0.608621641698512,0.556977164484486,0.509484828621417,0.467656861255762,0.429406473163029,0.394442601061389,0.361408879124841,0.331164935438421,0.301540572382727,0.2710472774688,0.243491080179887,0.216826001902335,0.192267940840081,0.169066303130505,0.148033521529798,0.12767962171437,0.10872762606527,0.0909254673782082,0.0742726359823295,0.0607138988069696,0.0494931490870974,0.0386070731589144,0.0297286952844842,0.0222940511587806
"107430",2.28941796857616,2.2566339349868,2.20764896240256,2.14462659200903,2.06576344164266,1.98014562196203,1.88717910807845,1.77992200082314,1.66695751120022,1.54096842681555,1.41308619667202,1.28844265155724,1.15139135451074,1.01682664080022,0.884333837630484,0.779209098698384,0.670447564187654,0.560573682153145,0.458238154627337,0.365259776200279,0.286913203667038,0.235452889225218,0.19340499797159,0.161576431211034,0.136376478636715,0.116117223936705,0.0994939927764584,0.0857938976549348,0.0742188176864104,0.064140950378093,0.0553351285797042,0.0476273681323797,0.0407614329300181,0.0346055724589967,0.0291625285853861,0.0241504627765378,0.0187537760237605,0.0141172619499321,0.00979129566074308,0.00602385800498221,0.00281298526351032,-6.37326996733023e-14,-6.37326996733023e-14,-6.37326996733023e-14,-6.37326996733023e-14,-6.37326996733023e-14,-6.37326996733023e-14,-6.37326996733023e-14,-6.37326996733023e-14,-6.37326996733023e-14,-6.37326996733023e-14
"107431",2.31647061538242,2.27694027708395,2.22627586487527,2.17256117582738,2.09556666356692,2.01075568325784,1.92176942247847,1.824109586333,1.71063951390815,1.57670365641378,1.45700941295281,1.34272729839574,1.21953481479417,1.08269260665284,0.944952953523635,0.809696248989384,0.706732761794453,0.604644876410948,0.50528982423338,0.416721676072437,0.339106556455392,0.29113650820946,0.253937433253762,0.221521486535077,0.195355321656006,0.173100803856524,0.153677682099712,0.136818805403508,0.121920028132878,0.108218849086852,0.0956046120913147,0.0839705964741684,0.0729831696490697,0.0627174946725966,0.053165232921287,0.0440073056952882,0.0341098257799461,0.025789566800068,0.0184217791026242,0.0123249117045363,0.00729448828467343,0.0032313734946976,-4.11831679869579e-13,-4.11831679869579e-13,-4.11831679869579e-13,-4.11831679869579e-13,-4.11831679869579e-13,-4.11831679869579e-13,-4.11831679869579e-13,-4.11831679869579e-13,-4.11831679869579e-13
"107432",2.29115468588425,2.26437711488991,2.22643801376206,2.1750967513033,2.11288100903189,2.0435620230705,1.95720194181897,1.87711870033291,1.77588233120368,1.67768858988273,1.57146480454548,1.47438051331799,1.35481841076384,1.24958186367092,1.12530049305853,1.02380705664466,0.913771315861348,0.818320336424032,0.730254500624604,0.648686373813463,0.576619125542231,0.528198201967887,0.483871110077618,0.444313059262808,0.407654869386365,0.372230841372346,0.338246783107753,0.306418262932828,0.275827852823983,0.246323752316548,0.217772739530539,0.189925606773029,0.163291906735117,0.137814166481725,0.11348919292075,0.0900740281539643,0.0685426600671479,0.053082792386863,0.0402471918774702,0.0301895174846004,0.0222081623784602,0.0158986895920152,0.0106122946151883,0.00644761638199447,0.00266667708139447,2.50469436857692e-13,2.50469436857692e-13,2.50469436857692e-13,2.50469436857692e-13,2.50469436857692e-13,2.50469436857692e-13
"107433",2.27579270617643,2.24064661816213,2.20924815537072,2.17625116927408,2.1240332097492,2.05896002040391,2.00637939133853,1.93462513497236,1.84654827372471,1.7523220322866,1.65801053010544,1.56395924298106,1.46884980650515,1.36124427312426,1.24716636859558,1.1199756888956,1.03327932332177,0.950098312716657,0.878562943353364,0.810335941183721,0.744463465390118,0.696058749942679,0.649084897306463,0.605972515381131,0.563358822150767,0.523680320634644,0.483657578664939,0.44473425796015,0.406511343633122,0.365427887519746,0.325282116997011,0.287525954045805,0.250015360108531,0.213356853759359,0.178872003154533,0.144017977007571,0.114538306591675,0.0928648234531822,0.0747188089285773,0.060203585281933,0.0485800875746097,0.0391570739104651,0.0310078460193724,0.0241980366236023,0.0173146329257151,0.0114823366369366,0.006797271987899,0.00304907877919688,3.30900931655442e-13,3.30900931655442e-13,3.30900931655442e-13
"107434",2.26936464958708,2.25379051884273,2.22480892065149,2.18777400402701,2.1404132227325,2.07975694365023,2.02525833048647,1.95592348172845,1.87605955754014,1.78135902350658,1.70440120456959,1.62740040618878,1.5261120746417,1.43510967231098,1.33057033609436,1.221143924239,1.14026059541392,1.05374011239037,0.99557644920421,0.944095971769596,0.89213782802713,0.841773517025705,0.796491820012205,0.752470117577813,0.709949174349467,0.667594112648958,0.625431648244769,0.582669828308545,0.539620628617261,0.496004108256266,0.45126629782219,0.407698931858198,0.364721110985131,0.320006100178455,0.276608691399511,0.235614883134845,0.197837403483212,0.170405473024821,0.145366107697178,0.124079581917181,0.106062469923111,0.0903186924411014,0.0759349846488222,0.0634521027956066,0.0502896988944666,0.0392253592359017,0.0298707298383266,0.0221318944090927,0.01561089013444,0.0102987416711724,0.00617276952363474
"107435",2.39599829217332,2.37193210803619,2.34375496762547,2.31519456326579,2.27103586107724,2.22397263780081,2.15553809527327,2.09299349744365,2.02697705703577,1.94638468989143,1.85678107166594,1.78131989978392,1.70417710775354,1.61768473533245,1.52195182945046,1.42208418403289,1.32141534150351,1.24930263316419,1.20212320886346,1.16253052064331,1.12527250456592,1.08315506191223,1.04395679589903,1.00635980104552,0.967209124855921,0.923508114311839,0.878212851013042,0.832476584375894,0.785020577514098,0.734612260217021,0.686147108610055,0.636874924461069,0.587566263060913,0.538464956172952,0.492642592762453,0.44622175048786,0.400101403361025,0.357749947273511,0.313220297195293,0.271690099264317,0.234704416720566,0.202175007943457,0.171773722163595,0.144206598625837,0.117809272792713,0.0967265911049604,0.0792141637233816,0.0648903547499693,0.0527606563741979,0.0425241325317513,0.0338269222987633
"107436",2.47608314938916,2.46932167565094,2.46483779819345,2.45893586244825,2.43686442707385,2.39360462848784,2.36143065018073,2.32634515095001,2.26441424588752,2.20048481941535,2.13345552872963,2.07532249293542,2.00602667975077,1.91834735851282,1.83381496294212,1.74895781327627,1.65426522329802,1.59001431913923,1.55394130468229,1.52005362318956,1.47597478977985,1.43658568121904,1.39181474791503,1.34458227347347,1.29579842443619,1.24584523905811,1.19316753506353,1.13887505650077,1.08505202288777,1.02946420703562,0.971430360080983,0.914507801652299,0.859986090823124,0.80475807165319,0.749842367947918,0.694936092175229,0.642973795700862,0.593852215635247,0.540093470772004,0.487133421292279,0.438643911811656,0.393069671383983,0.348614021909076,0.307776715846223,0.267483215186997,0.234467827860383,0.207079886440579,0.184053550972747,0.163721944589515,0.143720111630506,0.126325670540056
"107437",2.59231537995438,2.61666695695435,2.62519059413441,2.62513600932336,2.61737690571177,2.59705128825721,2.56460092822182,2.52252575072121,2.47811434664677,2.42571408946128,2.36447331774164,2.29681422097805,2.22864671157204,2.15656357865602,2.07921317189885,2.00936319853786,1.92090519038234,1.84918801512135,1.79540382473896,1.74211265965374,1.69397719834177,1.64073638422814,1.58706413915841,1.53715253841489,1.48838773480963,1.4380866922828,1.38268456785081,1.32589598081503,1.26789151387714,1.207688411449,1.14829337288958,1.09006307454114,1.03227535164878,0.974528391376925,0.919029210931336,0.863130283220588,0.806865622939395,0.753489079705883,0.696129627093135,0.639620177530067,0.585187550636972,0.534047828380556,0.483211391579735,0.43461220912628,0.385251646086358,0.344807637974581,0.310732780478751,0.281741514411887,0.256130518233217,0.233553422453554,0.21343552533447
"107438",2.60547120597694,2.62296841760631,2.64211682859048,2.64867406063695,2.64355845049707,2.63955746774879,2.6177964512515,2.58146794669699,2.53433440737944,2.49721790694807,2.44096798805926,2.38536381208409,2.31800093892606,2.2487798814656,2.17553730255697,2.10123393748773,2.02118603585423,1.96326824934845,1.91033783473569,1.85606256768415,1.80002761346648,1.7500758481511,1.6945921929078,1.65100982437957,1.59871960554684,1.54396655752781,1.49005848238172,1.43186212167632,1.37474950058397,1.31473711532293,1.25428663356281,1.19717777205449,1.14024287201029,1.08346967924163,1.02834048733754,0.973433045029051,0.919332946047168,0.867883104194949,0.811751156567385,0.755510386439199,0.700095439723764,0.646360043751227,0.592219315910909,0.54019613018496,0.486459108320729,0.442622179691312,0.405227906701617,0.373536021505931,0.344961958183079,0.320090625639773,0.297810801912878
"107439",2.61835491701713,2.64744016376564,2.67192383843024,2.69013078429628,2.69744658583091,2.69464117915114,2.68196365444544,2.66108101063861,2.63321302395078,2.59609663193365,2.55469717718539,2.50600063044613,2.45331416830939,2.39199861895753,2.32664029187852,2.26069533701029,2.18431012635185,2.12514429084077,2.07502107246577,2.02199230835467,1.96645364212365,1.91231840418425,1.85824698873717,1.8048602670663,1.7555666101218,1.69978731297672,1.6419182528291,1.58357001011195,1.52545753393901,1.4641238244526,1.40209636228214,1.34297085307607,1.28390676601127,1.22535147694239,1.16863330610678,1.11189115604507,1.05512020448423,1.00201503200281,0.944576884130613,0.886633115775031,0.829447231368873,0.77415874834203,0.717564756754147,0.662812590454277,0.607046219409047,0.562688564675283,0.524490180791416,0.491352541845779,0.461187269947446,0.434336283344905,0.410218399582214
"107440",2.5717102274335,2.60658783875232,2.63643433198922,2.66231843998872,2.67580907195498,2.6826453201311,2.68190792782364,2.67262604349457,2.65629646441848,2.63323938217863,2.60444579023914,2.56903560760327,2.52385328826733,2.47624084846844,2.41857805901463,2.3621759293792,2.29384641940473,2.24272612851227,2.197581454937,2.14829033534653,2.09593408043236,2.04210924491761,1.9859794151117,1.92982597344301,1.8768720982625,1.82347716292475,1.7686692121701,1.71293075117523,1.6579855899032,1.59979220854356,1.54076237026545,1.48447766905258,1.42814150879885,1.37207417699655,1.31800812665819,1.263832582082,1.20974925332835,1.15927348086628,1.10330016530074,1.04719580175115,0.991754709444971,0.939385433850553,0.887276319618026,0.838049126386729,0.790419827048324,0.746798268227532,0.707035804614162,0.671491803243618,0.637891988253312,0.607575973611104,0.580004767278055
"107441",2.44933738516993,2.48184543691244,2.51156505308881,2.53233170611675,2.55799845356796,2.57652823983119,2.58489169991351,2.58105283590325,2.56982701001399,2.55363746028985,2.52866205637672,2.49590259909211,2.45791160601579,2.41396714492456,2.3649350012124,2.31509679075489,2.25320538702865,2.20727829816762,2.16380431131744,2.1157804160677,2.06755866390052,2.012452498746,1.95109420547362,1.89032559818022,1.82605384066844,1.76283933634346,1.70169317083793,1.6421304848669,1.58592619871114,1.52613184488641,1.4660811983374,1.4100733430798,1.3537944880912,1.29855476841273,1.24491792291209,1.19141318867699,1.13812361065232,1.08815467104269,1.03419765617536,0.981406279494355,0.925431195695432,0.880106621268419,0.837784104949265,0.799273972140924,0.763164518709283,0.730207795133453,0.698754469212984,0.669593433075435,0.641691279943397,0.616024513042301,0.592122702435812
"107442",2.2405251904871,2.26356988489819,2.28183902925327,2.29179781700282,2.30717279543914,2.31961230252076,2.32361987802064,2.31843163952126,2.30359663126517,2.28307051018581,2.25647137628779,2.22361017018119,2.18483667967361,2.13480878184876,2.09392297064192,2.05222540079446,1.9948361525027,1.94676311948509,1.90231306180826,1.85347527107801,1.80321221694199,1.75895676431054,1.70657892737961,1.65275074095281,1.59799516629391,1.54328111415869,1.48999784327576,1.43901553836568,1.39133583544498,1.34178974420458,1.2929886199656,1.24752574610366,1.20206291048706,1.15771637907669,1.11515821337929,1.07285452307587,1.03087424129259,0.991804969564463,0.949112535417662,0.906937098374802,0.865238600411413,0.820137943039549,0.781678360928561,0.74822908116421,0.717468616778014,0.689747964242745,0.66336859793754,0.638607046236011,0.614674387249069,0.592402327652038,0.571391195018602
"107443",1.9257465066381,1.92397315211797,1.91712202212732,1.89945643480641,1.89308381534988,1.88766066470226,1.87896301433397,1.86301802646855,1.84049081233271,1.81388289243732,1.78223282559198,1.74621491068837,1.70484716430934,1.65119562291466,1.60959778381426,1.57231703059588,1.51703539705506,1.46961041244684,1.4234570396313,1.37960871023338,1.3350270591492,1.30060529586703,1.26433604666026,1.23052664677875,1.19489770540559,1.15929362437411,1.12426812781031,1.09154312327663,1.06190064780894,1.03126146144364,1.00166079243239,0.973877136004093,0.946039859188349,0.918920576577721,0.893627988130438,0.868561073499412,0.843518776809,0.820227993216362,0.794778091187284,0.769694005934301,0.744760781866441,0.712526420215609,0.68262647773969,0.655798367023028,0.630615289221183,0.60787683584673,0.586186392799351,0.565504558376346,0.545495878965739,0.526820688182356,0.508793943738041
"107444",1.52924793115162,1.51464985439745,1.49605880132705,1.46874843235277,1.45361582334346,1.44399732433689,1.43508306462045,1.42311107392538,1.40820915884573,1.39263084682316,1.37264126806249,1.35004413422305,1.32461847539861,1.29390520268608,1.26133241547445,1.23026955558168,1.19478506916245,1.15647978044041,1.1161581264053,1.07679331466171,1.03740188439355,1.00549262069504,0.974209850270058,0.945873732871039,0.917934431084232,0.890648739494224,0.86455618988605,0.840525509181985,0.818820079107758,0.796765976456387,0.775641649406092,0.756251767636414,0.736905609562865,0.718314250334224,0.701100890451999,0.684195457648272,0.667396323823245,0.651989380692417,0.634939067419253,0.618186506932515,0.601672781293143,0.579656641171626,0.558226051129215,0.538442714519368,0.519296465525419,0.501714888091798,0.484416318754617,0.467538258852842,0.451117811427343,0.435744743720971,0.420948179650032
"107445",1.23789174356134,1.21093581580803,1.18182744318454,1.14552190483607,1.12164580912571,1.10390523391091,1.08965273264038,1.07610754888329,1.06152211670429,1.04737510811002,1.03189681689148,1.01567471195851,0.997215512109185,0.975352683550993,0.952435672575687,0.929262982547279,0.903259714992665,0.875127840203888,0.843604596099355,0.812095481547992,0.780621197739421,0.754571631816713,0.728642562906882,0.705363986997635,0.682732418409298,0.66128676981548,0.644520469998235,0.627551487793369,0.611505846020808,0.595011055337506,0.579383474059766,0.56509936347092,0.551019648136671,0.537519997267267,0.525162311776443,0.513187654309672,0.501432279083048,0.490766964133138,0.478974628740448,0.467502372412504,0.456187173481154,0.44109264645615,0.426203386759756,0.412394572152652,0.39884633432451,0.386200964634509,0.37005283677723,0.355762665121503,0.342403886171107,0.330181077631338,0.31852319585565
"107446",0.962931266900705,0.926066812317028,0.887648523752372,0.843946818750004,0.811124831761065,0.784988381305451,0.763888402678636,0.749487125137787,0.735102985299435,0.7215797058412,0.70812693393852,0.694763580795502,0.681201368781206,0.66608391845728,0.650588873950887,0.635085807488664,0.617932268721476,0.599616040999728,0.579393346305874,0.558962870501367,0.538251476151435,0.520999305697049,0.50398199902637,0.488364088062642,0.473214175626156,0.458599232181548,0.447204518146663,0.431623813427228,0.418518805898595,0.405973792411107,0.394411251563512,0.384128317942656,0.374185061106902,0.364797877044476,0.356282046277252,0.34809879545608,0.340108415659989,0.332940150592441,0.325047949966277,0.317404801311956,0.309956407551304,0.300070468402638,0.290222596476734,0.28108085219649,0.272062004257769,0.263639316093475,0.252669715044311,0.242670330442134,0.233290122659683,0.224682647092502,0.216505819198357
"107447",0.753171975282748,0.724619510411012,0.695081545766863,0.654070280454693,0.619694550335421,0.590712226786246,0.566172619198406,0.547743933746907,0.530926235997705,0.5159939322331,0.502062377541322,0.489106019719965,0.476802423502027,0.464250605869847,0.452054853623981,0.440370035265615,0.427853741451449,0.4151283639313,0.401427353642904,0.387781026343595,0.374131471490741,0.362914462090222,0.35194238727442,0.341887432903237,0.332138584741993,0.322687301902595,0.313707199494768,0.30231930317585,0.292586664517149,0.283408838886416,0.275032458630593,0.267635383453795,0.260559370657711,0.253921667389795,0.24793074762724,0.242190166710302,0.236599669168272,0.231597207690643,0.226090060040959,0.220767957408845,0.215617035969372,0.208815503725539,0.202019231630312,0.195715973453581,0.18948908214667,0.183657716130899,0.177713895256372,0.171674219142255,0.165662743074254,0.159933235891829,0.154365696165679
"107448",0.62193038438636,0.600433596896498,0.578056321110158,0.546167461984567,0.516912730308602,0.490970368131217,0.468087983808824,0.447754463671206,0.429828196792693,0.414212593500026,0.399970320941429,0.387228808085935,0.375416523195845,0.363806717429446,0.35314500298249,0.3433685516188,0.333254983803502,0.323218207454713,0.312737335047304,0.302516906296468,0.292392462502883,0.284419946652009,0.276772105223892,0.269849766814906,0.26316722160462,0.256696777630648,0.250406878149487,0.24429605066842,0.238386596502625,0.232337796963838,0.226548091466532,0.221306699800935,0.216162722487401,0.211261117043776,0.206742048658129,0.202316050545987,0.197933498877445,0.194000643932154,0.189612347345615,0.185425098585723,0.181433446259053,0.176056366836108,0.170638777998571,0.1655947949309,0.160573787747586,0.155869611165921,0.15120603691141,0.146583501595737,0.141977738912971,0.137566347526872,0.133246180161653
"107449",0.556325826203101,0.542712691120291,0.528452240140439,0.506487535049878,0.485486748751196,0.466290986775046,0.448767130612172,0.432564067404868,0.417953472581143,0.404802180165733,0.39275341209785,0.381738981591362,0.371493218906057,0.361331440097075,0.353710010702913,0.346232750827583,0.337943923101382,0.329483330898523,0.320457119324017,0.311570806592963,0.302748120025177,0.296173811838402,0.289896613904161,0.284271918406796,0.278853260719327,0.273533887333852,0.268283514162502,0.263285306707052,0.258534815113501,0.253516523842839,0.248593356703759,0.244050205728615,0.239427838867728,0.234899772220243,0.230053475038548,0.225429114041338,0.220897102899191,0.216834610313517,0.212229805872987,0.208889647474979,0.205341149010385,0.199982100327724,0.194398457309948,0.18912042940624,0.183801129671663,0.178800542978782,0.173855370397061,0.169003693845512,0.164219962292882,0.159693600665572,0.15529062001649
"107450",0.580764069662837,0.576871951943635,0.572508560115835,0.561270805561006,0.550345976372799,0.539768391794242,0.529684592934055,0.519678143199647,0.510100293309523,0.501315729376157,0.492765581641285,0.484587002484724,0.476615204388982,0.468140738670098,0.462400961329778,0.456074044234097,0.448388042948283,0.439948492780434,0.430437431643564,0.42092031778815,0.411281062225547,0.404630439397981,0.398177332710073,0.392200338312265,0.386143768949964,0.379870320436853,0.373426179789684,0.367127021898832,0.361060567794696,0.354564217534095,0.348085065061773,0.342026625932218,0.335742193501361,0.329530178472102,0.322830767948912,0.316433241541929,0.310080737529398,0.304307310106544,0.297706676501674,0.29289732342356,0.287796882018828,0.279999014302655,0.271883074383276,0.26431897753364,0.256853375551771,0.249996393827163,0.243337332071737,0.23692005137353,0.230682975656983,0.224881242168429,0.219310936840934
"107451",0.763760566630663,0.769037225162768,0.773751199647444,0.77540355337859,0.775009654173191,0.77347044723432,0.77091828043324,0.766931903209637,0.762417699109209,0.757845922177124,0.75273634107171,0.747127253437095,0.740776588738228,0.732981498483051,0.725053563652236,0.717148407278446,0.707245305044391,0.69614911684229,0.683311624485891,0.670445314260314,0.657285069849367,0.648638494162702,0.639137375086019,0.629465057278435,0.618889442770957,0.607679444607784,0.596049648139793,0.584627986713614,0.573537537475865,0.561747306548644,0.55000271358715,0.538913255033813,0.527517590247226,0.516225638696324,0.505510470653949,0.494705334160794,0.483685879512899,0.473422033391611,0.46171958956267,0.452726911452714,0.443052071801775,0.42903999891855,0.415594187752604,0.403813640519128,0.392677870024756,0.382773524930067,0.373356506231054,0.364389007774553,0.355804571717075,0.347948440930352,0.340424575926064
"107452",1.27325011455032,1.2898341630074,1.3059293939129,1.3181844270489,1.32774956079373,1.33442936103631,1.33821369153933,1.33962041087527,1.33860707676397,1.33755536237011,1.33503334804064,1.33030763117282,1.3240863767376,1.31516720286022,1.30443371862289,1.29339595608537,1.27786524524405,1.26016205291906,1.24021901060549,1.219988742574,1.1996365357278,1.18233542587458,1.16039467486768,1.13739426802849,1.11256208738476,1.08738223392841,1.06233806321691,1.03785040142666,1.01430242242346,0.989342653696609,0.964799355905199,0.941451086841023,0.917890609241146,0.894401324613498,0.872227009204178,0.849997581931796,0.827648292745158,0.806762775911946,0.78264712335576,0.76263412924203,0.741008790341741,0.717139413424674,0.6969730372677,0.680141535530497,0.664545053395736,0.650835380627042,0.637642899887388,0.625129170964368,0.613115267655338,0.602157188576308,0.591582003651919
"107453",1.74467609425483,1.77102986311804,1.79548738946639,1.81561836377017,1.83061234891022,1.84116780790081,1.84820723122421,1.8506382364978,1.85016205553953,1.84907273287255,1.84526428214817,1.83902616445908,1.83034597732411,1.81785376880215,1.80288534700618,1.78682605468914,1.76610520860757,1.74188422557774,1.71536391116363,1.68844566887437,1.66018977294177,1.63394822859786,1.60949520490066,1.58724691090867,1.56471717340929,1.54199769594489,1.51885034901964,1.49636358616371,1.4756157424484,1.452701904794,1.42981767316774,1.40909512063155,1.38754535647534,1.36610618092203,1.34600550953804,1.32559791254315,1.30458323192216,1.28565203154821,1.26285406862632,1.24086334344933,1.21970406247142,1.1983702052367,1.17493125325318,1.15346206887833,1.13236895099226,1.1134097842594,1.09528684275628,1.07825608055084,1.06143897527196,1.04630338040637,1.03181235791719
"107454",1.99191338168748,2.02139318840144,2.04695888016622,2.0694352442985,2.0841356613815,2.09359379318468,2.09842614104551,2.09850808285149,2.0951874885309,2.08992031595613,2.08245761256614,2.07254723750885,2.05962742923591,2.04173271073035,2.0218538666423,2.00053980116037,1.9747562400642,1.94536852957236,1.91311781084474,1.88210748078945,1.84903269864075,1.81750921857866,1.79112221644758,1.76776425627381,1.7462157946976,1.72441882366418,1.70378863283259,1.68416101188626,1.6651101995412,1.64594742876888,1.6257613318742,1.60737800830134,1.58875300874528,1.57084172862089,1.55436783787179,1.5374288232994,1.51910181133808,1.50347683872647,1.48427714640864,1.46448809662245,1.44511402423685,1.42792835095466,1.40643386704836,1.38631807481186,1.36544924304482,1.34755682325457,1.32879985375553,1.31160132762287,1.29594823402616,1.28058128731021,1.26525193277474
"107455",1.22678434110276,1.24234675816699,1.26044123863649,1.27122375273255,1.28015069141333,1.28517791325126,1.28843940735458,1.28857040162077,1.28535421249374,1.28497378790995,1.28318262200393,1.27845857689719,1.27127218909075,1.26394513583876,1.25248062114955,1.24349663523705,1.23019202435647,1.21454221078537,1.20058939123865,1.18281701058003,1.16585670451712,1.15324615200076,1.13793296043317,1.12741292918506,1.11568597281044,1.10730321644491,1.09761710724274,1.08613576959674,1.08036202860873,1.06920049212748,1.0586088599656,1.05165644282364,1.04401190572858,1.03556760298054,1.02758343642354,1.01884418346408,1.0115560778469,1.00633971930647,0.996351204113804,0.987842704979746,0.981033439460301,0.971539111811043,0.962554311254933,0.954204884526142,0.94711197252752,0.9383961096587,0.932621850251014,0.928950751051077,0.920614812508828,0.914342680756101,0.910405730277559
"108152",NA,NA,NA,NA,NA,NA,NA,NA,NA,NA,NA,NA,NA,NA,NA,NA,NA,NA,NA,NA,NA,NA,NA,NA,NA,NA,NA,NA,NA,NA,NA,NA,NA,NA,NA,NA,NA,NA,NA,NA,NA,NA,NA,NA,NA,NA,NA,NA,NA,NA,NA
"108153",NA,NA,NA,NA,NA,NA,NA,NA,NA,NA,NA,NA,NA,NA,NA,NA,NA,NA,NA,NA,NA,NA,NA,NA,NA,NA,NA,NA,NA,NA,NA,NA,NA,NA,NA,NA,NA,NA,NA,NA,NA,NA,NA,NA,NA,NA,NA,NA,NA,NA,NA
"108154",NA,NA,NA,NA,NA,NA,NA,NA,NA,NA,NA,NA,NA,NA,NA,NA,NA,NA,NA,NA,NA,NA,NA,NA,NA,NA,NA,NA,NA,NA,NA,NA,NA,NA,NA,NA,NA,NA,NA,NA,NA,NA,NA,NA,NA,NA,NA,NA,NA,NA,NA
"108155",NA,NA,NA,NA,NA,NA,NA,NA,NA,NA,NA,NA,NA,NA,NA,NA,NA,NA,NA,NA,NA,NA,NA,NA,NA,NA,NA,NA,NA,NA,NA,NA,NA,NA,NA,NA,NA,NA,NA,NA,NA,NA,NA,NA,NA,NA,NA,NA,NA,NA,NA
"108156",NA,NA,NA,NA,NA,NA,NA,NA,NA,NA,NA,NA,NA,NA,NA,NA,NA,NA,NA,NA,NA,NA,NA,NA,NA,NA,NA,NA,NA,NA,NA,NA,NA,NA,NA,NA,NA,NA,NA,NA,NA,NA,NA,NA,NA,NA,NA,NA,NA,NA,NA
"108157",2.66733647794172,2.67287705437029,2.68563639837296,2.69326899571521,2.66836703955904,2.62967760915109,2.56697982915523,2.49857097483999,2.42236235428037,2.34093077192425,2.25674090718485,2.15811642118375,2.06631090612883,1.97867633633352,1.87997676045823,1.7984188822655,1.69321178695478,1.59871988062737,1.48927387038529,1.40779685607368,1.33538974583467,1.26346125113079,1.1883012151511,1.11502277208222,1.06106076500112,1.0188247638857,0.980339465114606,0.945175726786174,0.910305238935071,0.875362693856352,0.839350190515755,0.804110628958554,0.768635959169298,0.734407464905659,0.701212976917922,0.667549227420676,0.633924613262794,0.601230283898641,0.566424169207612,0.530850358363577,0.495766822800551,0.461983867976027,0.428281085162859,0.39555646958366,0.362887118371918,0.331966948526894,0.303278245252637,0.277297065947507,0.253674367862167,0.232351871044134,0.212980792659178
"108158",2.68462555663791,2.71252628998734,2.73615341447645,2.74550689576945,2.73174793263288,2.69320313879957,2.65228435515707,2.5918699007112,2.5301313847759,2.46141864831113,2.39259799247322,2.31250141283857,2.22613670531834,2.13262540873472,2.04695789214485,1.95636399854119,1.85521924852307,1.7615892851578,1.66724262984406,1.57784402670848,1.50310116523855,1.42054810966034,1.3450479805468,1.26616377266953,1.21097845677251,1.16810954173463,1.12971144713449,1.09320479474018,1.05643640732714,1.01830875827445,0.980814136252103,0.943535448109944,0.906842042781736,0.870467758051325,0.835390788200038,0.800946546891081,0.76553961901327,0.731179541178281,0.694596342328366,0.657295931856434,0.619863003067826,0.583849113736011,0.546669432649457,0.510921761085644,0.474433057050945,0.439529974141875,0.407144874193029,0.377604335474859,0.350305885091592,0.326101525812631,0.304086286064282
"108159",2.68177582282078,2.7129885113193,2.74532707655408,2.76849552200535,2.76468181189648,2.73862381660791,2.70089892487696,2.65671889630223,2.60823724902679,2.55026529783449,2.49032111038666,2.42034120274436,2.34887253739827,2.26864839101408,2.19235495118924,2.11228736857632,2.0180560269736,1.92255758399677,1.83327220366111,1.75478867156832,1.67636248978315,1.60166397943839,1.52567404600096,1.44900570819266,1.39699510814172,1.35529929671642,1.31622691706545,1.27809106444352,1.23990387102461,1.20001406433405,1.15922488467382,1.11969416123487,1.08061727829822,1.04222187552537,1.00522295861682,0.967982443221474,0.930310518261491,0.894898700207632,0.856090732505265,0.816617801899185,0.777128947520357,0.739226296308675,0.699384706284917,0.660778154335737,0.621849379690186,0.585061019322136,0.550512115133639,0.519171063421457,0.490012368382757,0.463447716977814,0.439042186087772
"108160",2.64674756169989,2.6876965457503,2.72198873596836,2.74909791666018,2.7534206779368,2.74269154138629,2.72233392077547,2.70052580418347,2.67494450144948,2.65010298984273,2.61036620031797,2.56738516636598,2.51626541398774,2.45840329524022,2.39618296466184,2.33380311066388,2.25862641452478,2.1836375733918,2.11083629574861,2.04476258387995,1.98102014822504,1.91576718587266,1.8538402390805,1.78907510870319,1.7441421665262,1.70661455592644,1.66689532796766,1.6239367835032,1.58075693504262,1.53616473838264,1.4901819132575,1.44609528396156,1.40305849717003,1.36113323267713,1.32077282249302,1.28030492906693,1.23963158449344,1.20164599743546,1.15859185416136,1.11448792314356,1.07125871594764,1.02986147217566,0.986567492623305,0.944954178292694,0.903360066567482,0.863501375415689,0.825535841630753,0.790451187125784,0.756345490608208,0.72474715371651,0.695233483544632
"108161",2.57208550918003,2.60990167549865,2.64670773959715,2.67756807080459,2.69908478972281,2.7043825539202,2.70628998400997,2.69778329676468,2.68574638827666,2.66678030844744,2.64655163576066,2.61293786859092,2.57397910729201,2.52655536662764,2.47759443320777,2.4225138502885,2.35716375652798,2.29219750486655,2.22967665585376,2.16987848865678,2.10851779300925,2.05034696065366,1.99183144780969,1.93455591824703,1.87979569192793,1.82967049908197,1.78156654445641,1.73490155738028,1.68998608391533,1.64298333118389,1.59435449458994,1.54951677439007,1.50602078818119,1.46370897524315,1.42291555397581,1.38207251076445,1.33981231311703,1.3016378159026,1.25854162888517,1.2150547521854,1.17210631056173,1.13151595503572,1.08871757208787,1.04853584220437,1.00926528296787,0.972363020087422,0.936536109704726,0.903214273654798,0.870006578111993,0.83865673687098,0.809415891426122
"108162",2.43543039465003,2.46959796189696,2.50062543728176,2.52134888268925,2.53849180773155,2.54603511176666,2.54671027360431,2.53975204980523,2.53177030310684,2.51565921206999,2.4917528071041,2.46257362247102,2.42547700478143,2.38063465357374,2.3336244451692,2.28485081262659,2.22663184741238,2.16266636390034,2.10285135460974,2.04350370441468,1.98218802833397,1.9224837366921,1.86745423143831,1.81315887967025,1.76288210807179,1.71439754144731,1.66728466363798,1.62232754402775,1.57991595306006,1.53683157764387,1.49287047428456,1.45286042685366,1.41431201411673,1.37706068773255,1.34145069092259,1.30599301646726,1.26942252443124,1.23654926778595,1.19909633379038,1.16128851212768,1.12454641471087,1.08896722775848,1.05060822838164,1.01455032743313,0.979212419544751,0.946161756338479,0.914232333986375,0.884224475849124,0.854046701198179,0.825269747351639,0.797916105462694
"108163",2.20735543797637,2.22619500463845,2.24272763154066,2.25257665847636,2.25738058253656,2.25516802792221,2.24837150871149,2.23771409266075,2.21972054643416,2.20003118042897,2.17205649078239,2.13936549159315,2.10091538062025,2.05621446321824,2.00815490628633,1.95996560253955,1.90325884354978,1.84563307113852,1.78683096913972,1.72672478630049,1.66568392390321,1.60976517879776,1.55771007383079,1.51106377462873,1.46692674250658,1.4259594647567,1.38730342810909,1.35072994136038,1.31703021029841,1.28258806115912,1.24806512545553,1.21698903147356,1.18672812978942,1.15759896265382,1.13008588043231,1.10284938789212,1.07530980705594,1.05060158123642,1.02237349565776,0.994368950688602,0.966966965559313,0.939670437518576,0.909256529763118,0.880010811711558,0.851118412311923,0.823936793351919,0.797403103459681,0.772322539240511,0.746873127099748,0.722635662842053,0.699773985894796
"108164",1.87921676322658,1.88248439353098,1.88304764314464,1.89264198263455,1.89683188012699,1.89242480755699,1.88355624963097,1.86843901074995,1.85157458027111,1.82840778716359,1.80367301569567,1.77405515282614,1.74005221665228,1.69948305585331,1.65744034646611,1.6136554192808,1.56501671490144,1.51311697308294,1.45933679742486,1.40461538663879,1.34793523342501,1.29564768485604,1.24682540810247,1.20420985407041,1.16600510044948,1.13120240301306,1.09872086504902,1.06871537250128,1.04138297061499,1.01386626974522,0.986726184314952,0.962590750673174,0.939386071618492,0.917160183659729,0.896417914952392,0.876060538632851,0.855581477262512,0.837307937411684,0.816466893009459,0.795867643834453,0.775829112715809,0.756146979758987,0.733877287027143,0.712085012893751,0.689962885775484,0.668891163228116,0.648016956443514,0.627860115896665,0.607467140826576,0.587978609189907,0.569398452734884
"108165",1.51092811046619,1.49475322066282,1.47735823224291,1.46957926479753,1.4631759373135,1.4528952135299,1.43842840268201,1.41897933978259,1.40092826408734,1.38171900505754,1.36017739903878,1.3341679682045,1.30763930437278,1.27862055861591,1.24608783221187,1.21188832274223,1.17318523370422,1.13332621702676,1.09122007700242,1.04765850056444,1.00270747653877,0.959451821727459,0.919810454153585,0.884253017062473,0.853268815388532,0.824731207752714,0.799151749586367,0.776172331234843,0.755063208435165,0.733929135651983,0.713591336667352,0.6957011546881,0.678337938160428,0.661852389501969,0.646789462626948,0.632130725862608,0.617557610937084,0.604546179109239,0.589957703772274,0.575633553575289,0.561635568074429,0.548038894706887,0.532778198891339,0.517718635843266,0.502223881855467,0.487335988584484,0.472161615855741,0.45705704537986,0.441774474243782,0.427090344811602,0.412989011140197
"108166",1.03623022042666,0.996420561218154,0.95561196071002,0.926801633550281,0.901883223330558,0.879457108520171,0.858099465997576,0.839203595745237,0.822071959569425,0.807341395948601,0.791335387459783,0.776107473416649,0.759527853181342,0.742247926550091,0.72504046839098,0.706521231550052,0.685360968586823,0.663888293665786,0.640448203942087,0.616909943683254,0.592732266188774,0.569233011176596,0.546934517419745,0.527053923311007,0.508440796119221,0.491237923226445,0.475370736907787,0.460863636174506,0.4472582807856,0.433851026517188,0.42113071568862,0.409770752954642,0.398883221407381,0.388675555752948,0.379394369407447,0.37049575924419,0.361746323600742,0.353921110138496,0.345262908651772,0.336825538580102,0.328616678915888,0.320705761617804,0.311860456000908,0.303121377860668,0.294045591665634,0.285314121309495,0.276323187985291,0.26712913512529,0.257904587639073,0.249016773192746,0.240393214331624
"108167",0.793401138826448,0.75169959733754,0.705976380401496,0.67443851655062,0.645108816382193,0.617723311041111,0.592162303305492,0.569746827806771,0.551073885844217,0.534961721639483,0.520603106532652,0.506898215488706,0.493887288490179,0.480666949588911,0.467993859618725,0.455485754976548,0.441911312154136,0.428015670225477,0.413694630409857,0.399484638182379,0.384953568228182,0.370946346959012,0.357878733228449,0.346112037405022,0.335042484205731,0.324549126439033,0.314598467206669,0.305246963704034,0.296319666292378,0.287377733300793,0.278890039818804,0.271322813042318,0.264030204364526,0.257179621337861,0.251002214849279,0.245069488209505,0.239262102095865,0.234060661200041,0.228333947862036,0.222781454856777,0.217395097893987,0.212219800029514,0.206458553394538,0.200779458419552,0.194880858186478,0.189203478938857,0.183468354905936,0.17767633034338,0.171811525700781,0.166114829245744,0.160509188250379
"108168",0.649948197561025,0.616611641632684,0.581525349261607,0.551485661070172,0.525090012197259,0.499973779660186,0.476730855353867,0.454396061531896,0.43600258023637,0.419580802684244,0.405246720115166,0.391913412632709,0.379785139786476,0.368594895972288,0.357964990240639,0.347687044151435,0.337014827084154,0.32658501142885,0.31594704254744,0.305571574844888,0.295255365713494,0.285539909620362,0.276583124421547,0.268588360709307,0.261277089312245,0.254310323485347,0.247641354813971,0.241465382506871,0.235623687564344,0.229647613964219,0.223828018374154,0.218588468962881,0.213420117916339,0.208493236601104,0.20399119843811,0.199597900870995,0.195219488734928,0.191288360989284,0.186867033979022,0.182558128032755,0.178388873121803,0.1743888885735,0.169899789781441,0.165464458234787,0.160830259515217,0.156361597727532,0.151842094976469,0.147333585370146,0.14279582890738,0.138405815336438,0.134090695329621
"108169",0.576184235029359,0.553209605032814,0.528616307723321,0.507995088280815,0.48852216819107,0.46956937296755,0.451311218682847,0.434236094214196,0.418428961875265,0.405353577948375,0.393136112007271,0.382018095453927,0.371681665177747,0.361464650473703,0.352226409650049,0.34344869198572,0.334425907237154,0.325455755792225,0.316239466444082,0.30735852035954,0.298493935937882,0.290149017125637,0.282635263260512,0.276151622857515,0.27019709182495,0.264562948703006,0.259147090395965,0.254082094400829,0.249336034688179,0.244373032443049,0.239470095250526,0.235005919547338,0.23047345165166,0.226068678260098,0.221906178585545,0.21771936675187,0.213443221916662,0.209541573926177,0.205066451127066,0.200727460037069,0.196567616068632,0.192559145105911,0.187965646823445,0.183374435357682,0.178515667512615,0.173821873193097,0.169070937330763,0.164330714221367,0.159600186627341,0.155083413660575,0.150687204317463
"108170",0.575919986520603,0.569299830095875,0.562033297067942,0.553274240702051,0.543069110574502,0.532645360602103,0.52188387881213,0.510156231059131,0.500090691198463,0.49093607941047,0.482309214345498,0.473886132329629,0.465500652832121,0.457045404904648,0.449086443325812,0.4416214780896,0.432956968348728,0.423916596573277,0.414857368900621,0.405671661017772,0.396122790835256,0.387070570488817,0.379172220622111,0.372371703365784,0.365984703856897,0.35975225435471,0.353659019639564,0.347833057065438,0.342215950004785,0.336211651616771,0.330179015363688,0.324642292561612,0.318925308942068,0.313286263979103,0.307932102032779,0.302448414669387,0.296748158770831,0.291525834615613,0.285454703904384,0.27951392347794,0.273811298151505,0.268272291340453,0.261827242852612,0.255389950075935,0.248631029507511,0.24223435025036,0.235857575966968,0.229615369398127,0.223460649553276,0.217655584393523,0.212089250539829
"108171",0.73908366828764,0.743090221979604,0.745807979507134,0.746372630310135,0.745190721508115,0.742394385552609,0.738568415809827,0.732546668201143,0.726193603108166,0.720879553123345,0.715199202506376,0.708245864393117,0.702034913686202,0.69479029723736,0.687075512589315,0.678351860125359,0.668165995703978,0.656793298832792,0.644523700458903,0.632194317128681,0.619414890979,0.607061894254877,0.59616305423366,0.586530622219099,0.577570635281882,0.568304783309453,0.558859481884118,0.549879100249216,0.541037655247248,0.531489143524188,0.521896563154526,0.513028092115257,0.503822538035976,0.494712014926117,0.486158248134523,0.477490569544559,0.468553684295165,0.460255936041123,0.450547714432713,0.441006546816161,0.431701186310893,0.422605837573568,0.412179165655715,0.402080511969965,0.391850817667919,0.382455324117034,0.37328229046155,0.3644152320633,0.355811673025001,0.347818131756527,0.340178149895818
"108172",1.12598489409575,1.13859642309258,1.14999683235027,1.15892185188755,1.16463030051256,1.16619465845773,1.16612715787712,1.16079795796115,1.15727581554143,1.153867182178,1.14829656662314,1.14287955724674,1.13575852824124,1.12705806026115,1.11668642805685,1.10401762595641,1.08752562165987,1.06924745576551,1.05083481138817,1.03284889801197,1.01333487461648,0.994546795771039,0.977350534913467,0.96137039287496,0.946224645132011,0.930785345727364,0.915389342523946,0.900409948778878,0.886029433383031,0.870740976918379,0.855092506830061,0.840824357885856,0.826269329054213,0.812290751780118,0.79886402630652,0.785400676385694,0.771082781956553,0.758205359145186,0.742917240801129,0.727832601608012,0.712971019214576,0.698801083707181,0.683119250800044,0.668668069079166,0.654385603850267,0.641660454650752,0.629089616697015,0.617089780900978,0.605196804930155,0.594104144143534,0.583612182603057
"108173",1.69428099517245,1.71786333700754,1.73981051093096,1.75620937187417,1.76698342437792,1.77206165205161,1.77261594199697,1.76940207575043,1.76300303458876,1.75608447889772,1.74706770285437,1.73516375636671,1.72084783483659,1.70227345632715,1.68204215368445,1.6610202549483,1.63516252801884,1.6075450362722,1.578965415155,1.5487175862497,1.51817022885438,1.48985725665703,1.46333297636724,1.44109887052945,1.42002074813339,1.40045401131961,1.38145966298354,1.36345515063999,1.34752040220316,1.32917551343363,1.31105286713533,1.29536678705811,1.2791977626518,1.26288687276757,1.24774813207436,1.23225021849729,1.21665599507788,1.20271231107698,1.18493080492638,1.1674547914984,1.15044685411289,1.13417136602068,1.11578317177662,1.09829256080957,1.08037104198375,1.06368753345445,1.04766850348036,1.03207963021765,1.01597647984137,1.00147019859012,0.987980629883329
"108174",2.03706365570251,2.06219296258074,2.08398847633463,2.09964963312057,2.107376774168,2.10725794228606,2.1014406642947,2.09156670302452,2.07772089130747,2.06281411719707,2.04560138174174,2.02496401260472,2.00134206329918,1.97285127634033,1.94246239736425,1.91189675466872,1.87604255966069,1.83943140410113,1.80251879869467,1.76379349579027,1.72579191388474,1.69134205439059,1.65999472100641,1.63468915751384,1.61131311324095,1.59048682333615,1.5709108084516,1.55282080015828,1.53726171211128,1.51926177068743,1.50154658078661,1.48649084519171,1.47113341028968,1.45601199220753,1.44234800720947,1.42846713488393,1.41443378551767,1.4023142938595,1.38577455950743,1.36984808514043,1.35425133335345,1.33970522582247,1.32264039918556,1.30639885145367,1.28942271204945,1.27355765807058,1.25809334894204,1.24282916750706,1.22674215064069,1.21232267651764,1.19894467006292
"108175",2.07613650359708,2.09420969275533,2.10668595068194,2.116266030313,2.11520299327111,2.10679021519251,2.09177412472119,2.07132904852124,2.04850228870444,2.02266323102896,1.99337320727991,1.96204760378015,1.9283439162511,1.88979578973118,1.85225963185617,1.81358311994112,1.77253674014745,1.73049165238303,1.68688285894506,1.64646384604681,1.60633312463583,1.56993511193901,1.53976311351427,1.5134698202234,1.49212475048368,1.47137735592781,1.45331817674985,1.43792168832464,1.42271787109784,1.40797699723648,1.39302926687287,1.38077085557085,1.36915086167804,1.35865893456375,1.34990264679373,1.34100188747627,1.33087734845837,1.32299572545675,1.31289034301087,1.30202659868029,1.29110438592537,1.28257253436739,1.27047920355588,1.25925831815048,1.24565273036496,1.23454963087144,1.22177848061245,1.20863601084698,1.19709568019547,1.18566578614076,1.17383830184617
"108176",1.34541799741783,1.35252780658997,1.36083867221868,1.36177480410233,1.3597354074721,1.35207539932782,1.34110890268596,1.327298759111,1.3116179445111,1.29668869799769,1.27942293917548,1.25968844598796,1.23794615379333,1.21513266120036,1.19147636956462,1.16981792392394,1.14594238339379,1.12154959534241,1.09944217593822,1.07527873308676,1.05295702853157,1.03596891096903,1.018279901035,1.00446306567608,0.992377386746042,0.982484211737347,0.972893354167877,0.963291164343255,0.957509307079874,0.947976495436744,0.939398593074642,0.935266778839839,0.93161734495348,0.927957560349913,0.925098262868967,0.921469041631249,0.918858455513101,0.918029570558574,0.91425860535675,0.910943516407759,0.908946125922537,0.905662615641838,0.90203456779931,0.899103810326446,0.89533278999314,0.890993517201472,0.888140509224105,0.885350605173608,0.879650055719877,0.875311449321787,0.872496103709967
"108875",2.4172294832475,2.38395779618445,2.36605125733253,2.34033944234647,2.22683037189435,2.10789846167356,1.98377017561291,1.85119336534402,1.72220777511014,1.57945614599295,1.42453494771098,1.26862804251802,1.15221176478914,1.03041793643183,0.908612158572364,0.788685561991608,0.663197169561947,0.536977806279501,0.402953478194953,0.305853463928503,0.223562507473229,0.147753826802685,0.0718100276750023,9.17599329852692e-14,9.17599329852692e-14,9.17599329852692e-14,9.17599329852692e-14,9.17599329852692e-14,9.17599329852692e-14,9.17599329852692e-14,9.17599329852692e-14,9.17599329852692e-14,9.17599329852692e-14,9.17599329852692e-14,9.17599329852692e-14,9.17599329852692e-14,9.17599329852692e-14,9.17599329852692e-14,9.17599329852692e-14,9.17599329852692e-14,9.17599329852692e-14,9.17599329852692e-14,9.17599329852692e-14,9.17599329852692e-14,9.17599329852692e-14,9.17599329852692e-14,9.17599329852692e-14,9.17599329852692e-14,9.17599329852692e-14,9.17599329852692e-14,9.17599329852692e-14
"108876",2.47294088927447,2.46965462848619,2.46027595544433,2.46476093151233,2.3559271517262,2.23729755633239,2.11058521052653,1.98876375513518,1.84882844117928,1.70382467672016,1.56106326829968,1.41485976258954,1.29051704894172,1.16805484692166,1.04561609426792,0.912597416778376,0.780027524158997,0.645211479480684,0.49856692712349,0.387085447850942,0.291755444892465,0.195155144637942,0.0983418265476626,3.19133608428501e-13,3.19133608428501e-13,3.19133608428501e-13,3.19133608428501e-13,3.19133608428501e-13,3.19133608428501e-13,3.19133608428501e-13,3.19133608428501e-13,3.19133608428501e-13,3.19133608428501e-13,3.19133608428501e-13,3.19133608428501e-13,3.19133608428501e-13,3.19133608428501e-13,3.19133608428501e-13,3.19133608428501e-13,3.19133608428501e-13,3.19133608428501e-13,3.19133608428501e-13,3.19133608428501e-13,3.19133608428501e-13,3.19133608428501e-13,3.19133608428501e-13,3.19133608428501e-13,3.19133608428501e-13,3.19133608428501e-13,3.19133608428501e-13,3.19133608428501e-13
"108877",2.47513883377251,2.48141926603933,2.49880923112206,2.50520886481949,2.40054988439299,2.2873594852802,2.16433093892043,2.03379652093006,1.89908879031244,1.76272775682262,1.61961074562979,1.47369446966639,1.34566988401583,1.22836958413855,1.10935556103572,0.984194663637869,0.844234639806363,0.694633076568769,0.559940006290822,0.445949005612174,0.333124778929423,0.225993157531875,0.112602368051281,1.30961907984783e-13,1.30961907984783e-13,1.30961907984783e-13,1.30961907984783e-13,1.30961907984783e-13,1.30961907984783e-13,1.30961907984783e-13,1.30961907984783e-13,1.30961907984783e-13,1.30961907984783e-13,1.30961907984783e-13,1.30961907984783e-13,1.30961907984783e-13,1.30961907984783e-13,1.30961907984783e-13,1.30961907984783e-13,1.30961907984783e-13,1.30961907984783e-13,1.30961907984783e-13,1.30961907984783e-13,1.30961907984783e-13,1.30961907984783e-13,1.30961907984783e-13,1.30961907984783e-13,1.30961907984783e-13,1.30961907984783e-13,1.30961907984783e-13,1.30961907984783e-13
"108878",2.43193110306893,2.45347846389709,2.47787038560355,2.50099692452536,2.38851621623582,2.28395854296923,2.16557776692291,2.03781326763032,1.90890925851561,1.76974339473699,1.63427866496023,1.49866815067061,1.37858762827398,1.25872305664904,1.13205117335219,1.00814174799995,0.865864088223627,0.716693126303905,0.590122146511763,0.472212177491216,0.356339074616379,0.240867448119218,0.117593465602706,4.29245528010824e-13,4.29245528010824e-13,4.29245528010824e-13,4.29245528010824e-13,4.29245528010824e-13,4.29245528010824e-13,4.29245528010824e-13,4.29245528010824e-13,4.29245528010824e-13,4.29245528010824e-13,4.29245528010824e-13,4.29245528010824e-13,4.29245528010824e-13,4.29245528010824e-13,4.29245528010824e-13,4.29245528010824e-13,4.29245528010824e-13,4.29245528010824e-13,4.29245528010824e-13,4.29245528010824e-13,4.29245528010824e-13,4.29245528010824e-13,4.29245528010824e-13,4.29245528010824e-13,4.29245528010824e-13,4.29245528010824e-13,4.29245528010824e-13,4.29245528010824e-13
"108879",2.42573981712558,2.45130105171444,2.47899598566961,2.50892972940177,2.40424646769213,2.29577987822826,2.18259725524474,2.06323917847238,1.94058558535666,1.80882168843607,1.67058518905863,1.5341827737803,1.41127251863303,1.29188353585431,1.16306882936657,1.0288814003699,0.886639405146128,0.735306073179048,0.607736587146974,0.487348486910548,0.365561330921729,0.24748250785353,0.123374285698097,-3.49731354987171e-13,-3.49731354987171e-13,-3.49731354987171e-13,-3.49731354987171e-13,-3.49731354987171e-13,-3.49731354987171e-13,-3.49731354987171e-13,-3.49731354987171e-13,-3.49731354987171e-13,-3.49731354987171e-13,-3.49731354987171e-13,-3.49731354987171e-13,-3.49731354987171e-13,-3.49731354987171e-13,-3.49731354987171e-13,-3.49731354987171e-13,-3.49731354987171e-13,-3.49731354987171e-13,-3.49731354987171e-13,-3.49731354987171e-13,-3.49731354987171e-13,-3.49731354987171e-13,-3.49731354987171e-13,-3.49731354987171e-13,-3.49731354987171e-13,-3.49731354987171e-13,-3.49731354987171e-13,-3.49731354987171e-13
"108880",2.44760471422851,2.48242963914506,2.51911817347849,2.55092820041545,2.4477063958885,2.39938267386927,2.36386010655751,2.32491838804344,2.2757082642449,2.22570633291311,2.16783717615149,2.10391629645985,2.03658454964753,1.96485123835834,1.88539792319154,1.81139990758801,1.72395562866301,1.63244977471941,1.55436273310878,1.48240381239034,1.4091700967388,1.33378033865856,1.25605130014426,1.17785424465916,1.22818419692262,1.22038397736744,1.19437557857951,1.16385684587617,1.13312473411896,1.10109790318417,1.06985536979645,1.04032878605437,1.0112120051828,0.98306643060157,0.956933619110065,0.931172509111869,0.905585778089161,0.881830394946515,0.855124755021988,0.828107937585353,0.801348636850289,0.775633829510671,0.748459855369898,0.721905573183131,0.694885983495994,0.668888648685186,0.643261469449096,0.618564727334362,0.594433470387207,0.571705444120476,0.549719642956086
"108881",2.45006562077397,2.49098630475727,2.53255542245193,2.56604763779548,2.59271201806721,2.5948281023765,2.58853549586857,2.57338388099011,2.54671333367803,2.51738815453308,2.48007533507256,2.43793637187293,2.38650475282641,2.33147798533084,2.27175312479444,2.20837978323442,2.13687271350032,2.05846339881192,1.98439196446722,1.91132907351892,1.84182298819512,1.77513084255512,1.70786409071275,1.64500768829285,1.58253083230431,1.53650227452221,1.49381495948078,1.45390465382327,1.41748642589451,1.3795943699528,1.34157108023824,1.30715818623828,1.27349129924124,1.2411307009056,1.21057607020508,1.18023729765323,1.14936999857428,1.12142091690583,1.089874901991,1.05833535584553,1.0271924438631,0.997039776397604,0.964626061424113,0.933288132791314,0.901958436838268,0.8719956214401,0.842437428352573,0.814142720650329,0.785377967640215,0.757813986906833,0.731148146923666
"108882",2.37576315359183,2.4158503827498,2.45363810046653,2.47953668249741,2.49473572520249,2.49952649217945,2.49382852994535,2.47997706913336,2.45571606786478,2.42569623734035,2.38724040593295,2.34875294624559,2.30069929464491,2.24535825990936,2.18744896845566,2.1293452059137,2.06233348785508,1.98893844753236,1.91018607636624,1.83445687759689,1.76035930019034,1.69040723086059,1.62307423968741,1.56429886348402,1.50937987418967,1.46066110873689,1.41696210601841,1.37711976268393,1.34151981476841,1.30557608661151,1.27017244600187,1.23801460855884,1.20691537088857,1.17726504812703,1.1494450032128,1.12197295780803,1.09412330606903,1.06894904825859,1.0402606766936,1.01151022594294,0.983350900232075,0.956301183809953,0.926931605517811,0.898318700409977,0.869423848334017,0.841839000036406,0.814666045612354,0.786900530663784,0.758124656031247,0.730247753079538,0.703137867443576
"108883",2.19678342733678,2.22693335948838,2.2387297222511,2.23654851526172,2.23551254616947,2.2257956042284,2.20830422678098,2.18042678168925,2.1412449952469,2.09917459281444,2.05387559172358,2.00440463479782,1.94993944910186,1.8878225508479,1.82306964926017,1.76052032296452,1.68976756652578,1.61608948155107,1.53785253416478,1.45819556988981,1.37952793674656,1.30379573829453,1.24677452642955,1.19946973162884,1.15726732517256,1.11918914660346,1.0846075411969,1.05379316572793,1.02605523819042,0.998244723439697,0.971415285916317,0.947127203965301,0.923294281953107,0.900495341010922,0.879429574631127,0.858743285475774,0.838036010136668,0.819173291460298,0.798012639741236,0.777088437972882,0.756389246311428,0.736434659813189,0.714665350027371,0.693270747122732,0.671405938408961,0.650559425964272,0.629789279719015,0.60943033054692,0.588944610007629,0.569167582048451,0.549945274075768
"108884",NA,NA,NA,NA,NA,NA,NA,NA,NA,NA,NA,NA,NA,NA,NA,NA,NA,NA,NA,NA,NA,NA,NA,NA,NA,NA,NA,NA,NA,NA,NA,NA,NA,NA,NA,NA,NA,NA,NA,NA,NA,NA,NA,NA,NA,NA,NA,NA,NA,NA,NA
"108885",NA,NA,NA,NA,NA,NA,NA,NA,NA,NA,NA,NA,NA,NA,NA,NA,NA,NA,NA,NA,NA,NA,NA,NA,NA,NA,NA,NA,NA,NA,NA,NA,NA,NA,NA,NA,NA,NA,NA,NA,NA,NA,NA,NA,NA,NA,NA,NA,NA,NA,NA
"108886",NA,NA,NA,NA,NA,NA,NA,NA,NA,NA,NA,NA,NA,NA,NA,NA,NA,NA,NA,NA,NA,NA,NA,NA,NA,NA,NA,NA,NA,NA,NA,NA,NA,NA,NA,NA,NA,NA,NA,NA,NA,NA,NA,NA,NA,NA,NA,NA,NA,NA,NA
"108887",NA,NA,NA,NA,NA,NA,NA,NA,NA,NA,NA,NA,NA,NA,NA,NA,NA,NA,NA,NA,NA,NA,NA,NA,NA,NA,NA,NA,NA,NA,NA,NA,NA,NA,NA,NA,NA,NA,NA,NA,NA,NA,NA,NA,NA,NA,NA,NA,NA,NA,NA
"108888",NA,NA,NA,NA,NA,NA,NA,NA,NA,NA,NA,NA,NA,NA,NA,NA,NA,NA,NA,NA,NA,NA,NA,NA,NA,NA,NA,NA,NA,NA,NA,NA,NA,NA,NA,NA,NA,NA,NA,NA,NA,NA,NA,NA,NA,NA,NA,NA,NA,NA,NA
"108889",NA,NA,NA,NA,NA,NA,NA,NA,NA,NA,NA,NA,NA,NA,NA,NA,NA,NA,NA,NA,NA,NA,NA,NA,NA,NA,NA,NA,NA,NA,NA,NA,NA,NA,NA,NA,NA,NA,NA,NA,NA,NA,NA,NA,NA,NA,NA,NA,NA,NA,NA
"108893",1.42245465526285,1.43897780932867,1.45236810243574,1.45965908643416,1.46199006178882,1.45975136082888,1.45350793357576,1.44252640080627,1.42946360037127,1.41531684366446,1.39892180309927,1.38048719048628,1.36012708122659,1.33649290281778,1.31178396791475,1.28652304348182,1.25780307188906,1.22782373594447,1.19632162026715,1.16510712081025,1.13402350026829,1.10518884346022,1.07964489577779,1.05866106176572,1.0401872985994,1.02342596787225,1.0079997156861,0.994233479241653,0.982103637032329,0.96923399699711,0.956755729263997,0.945987878651723,0.934918996223782,0.924148031686747,0.91443261595449,0.90466601243415,0.894581513642891,0.88580995343942,0.874537696480482,0.863286247716342,0.852134529682391,0.841689775991159,0.829583844777678,0.817948020707464,0.805484792923559,0.793884674759811,0.782143173045766,0.770429317514075,0.758580205158154,0.747556602624016,0.736908102317971
"108894",1.80741334097984,1.8195645097926,1.82340029360866,1.81981880993795,1.80859876227345,1.79103473134309,1.7682783027668,1.74060950437922,1.70930448628956,1.67689994339407,1.64227126118285,1.60495400333447,1.56587296881336,1.52391734265903,1.48124836129991,1.43996820495742,1.39479617393618,1.3495573811421,1.30350265483846,1.25828163304107,1.21619340230719,1.17894635525291,1.14940240423093,1.12646085895746,1.1065017753717,1.08886021180154,1.07285066207617,1.05883166197123,1.04680110215366,1.03412125652464,1.02204120939859,1.01179737790577,1.00133585909779,0.991399675482759,0.982819310590124,0.974437010732711,0.96585708376717,0.958669009331212,0.948738510593985,0.93902286379833,0.92940127294215,0.920503535281358,0.909848926010103,0.899647825298319,0.888552762670393,0.878191573622084,0.867555776650107,0.856752891405988,0.845566604008101,0.835165861429172,0.82502579825633
"108895",1.97005095142304,1.96521570663615,1.95477019766949,1.93893690679304,1.91372988233099,1.88141328357239,1.84308479633378,1.79859168314234,1.75169356647795,1.70271327451666,1.64961078554472,1.59533975058006,1.54194425760153,1.48745860486754,1.43482364472877,1.38365237586552,1.33048396279125,1.27762930304307,1.22353735734758,1.18100902486307,1.14319482620291,1.10995467608068,1.08221304198564,1.05961462612026,1.04060962401314,1.02332913474228,1.00793443516095,0.995245745730235,0.984231756145896,0.973453599580373,0.96377731676901,0.956197752772964,0.948843417449931,0.942618444094601,0.938241362700206,0.934428627146366,0.930223181942477,0.927324948856423,0.922424798973302,0.917471579286905,0.912354976746118,0.908168871827104,0.902135199849496,0.896285081055176,0.888812440326783,0.88220682872433,0.874721663135438,0.866385745805246,0.858087074150464,0.850205876955624,0.841684755240914
"108896",2.08087767763136,2.06862897324991,2.05050974425963,2.02931928770991,1.99713756925827,1.95816055055959,1.91297117419759,1.86340646446217,1.81147815244953,1.7567841506103,1.6977195503861,1.63685757519467,1.57766622004427,1.51790979043643,1.46169585324247,1.40786161221919,1.35298365083895,1.2990780184207,1.24409795297298,1.20232721425217,1.16548691033385,1.13336394400519,1.10736910959783,1.08521380717268,1.06588442694234,1.04805651687884,1.03313717011986,1.02236071715534,1.01373680216472,1.00771284363938,1.00337386197675,1.0015337157891,1.00104353205827,1.00302295305475,1.00777280421051,1.01333313486531,1.01825445087315,1.02431991540034,1.02793263386624,1.03100778636282,1.03349211784215,1.03745006740032,1.03861546976897,1.03925633647407,1.03788022951808,1.0372560413712,1.03435037080871,1.03026138864921,1.02585906987802,1.019674521199,1.01073063941036
"109597",NA,NA,NA,NA,NA,NA,NA,NA,NA,NA,NA,NA,NA,NA,NA,NA,NA,NA,NA,NA,NA,NA,NA,NA,NA,NA,NA,NA,NA,NA,NA,NA,NA,NA,NA,NA,NA,NA,NA,NA,NA,NA,NA,NA,NA,NA,NA,NA,NA,NA,NA
"109598",NA,NA,NA,NA,NA,NA,NA,NA,NA,NA,NA,NA,NA,NA,NA,NA,NA,NA,NA,NA,NA,NA,NA,NA,NA,NA,NA,NA,NA,NA,NA,NA,NA,NA,NA,NA,NA,NA,NA,NA,NA,NA,NA,NA,NA,NA,NA,NA,NA,NA,NA
"109599",NA,NA,NA,NA,NA,NA,NA,NA,NA,NA,NA,NA,NA,NA,NA,NA,NA,NA,NA,NA,NA,NA,NA,NA,NA,NA,NA,NA,NA,NA,NA,NA,NA,NA,NA,NA,NA,NA,NA,NA,NA,NA,NA,NA,NA,NA,NA,NA,NA,NA,NA
"109600",NA,NA,NA,NA,NA,NA,NA,NA,NA,NA,NA,NA,NA,NA,NA,NA,NA,NA,NA,NA,NA,NA,NA,NA,NA,NA,NA,NA,NA,NA,NA,NA,NA,NA,NA,NA,NA,NA,NA,NA,NA,NA,NA,NA,NA,NA,NA,NA,NA,NA,NA
"109601",2.05378824082363,2.09101824833583,2.13433472446277,2.17584991993463,2.20618327618042,2.21232562180163,2.19575284653405,2.16313652821321,2.12480365095816,2.08119071504432,2.02837688583634,1.96455188728367,1.90338246321782,1.83698906644673,1.77260587351211,1.69868385823958,1.61592831732356,1.53249793219123,1.44829047624372,1.38031422391387,1.30887595289859,1.23818517509041,1.16525428277825,1.09447447568027,1.02978029519202,0.978475894249355,0.940302355709358,0.908598811142318,0.879007823057749,0.851398693932385,0.824908384772066,0.801900902738584,0.779882643331615,0.759700615814087,0.741025181293873,0.723104590410115,0.704700944480176,0.688191531527779,0.669588150314012,0.650906760760803,0.632092536331736,0.614646092550828,0.595473765925725,0.57687409339866,0.557544668017709,0.539251114746964,0.520770835072864,0.502930617461099,0.48356654031964,0.463389397601198,0.443528246025826
"109602",2.03839852489691,2.08412020365425,2.12951090973595,2.14735006983134,2.15809889813512,2.14420612717644,2.1149919991562,2.06667510556042,2.01559605234399,1.95595332626253,1.90381614888352,1.83492002311895,1.76918533019588,1.70136203918774,1.63437186104991,1.55831043615952,1.47512684400099,1.38814921322663,1.29986009862859,1.21881790463571,1.13524569525283,1.0524275413745,0.970128011168761,0.906029529694992,0.849086825547378,0.807049932477958,0.774311707671899,0.747763575858053,0.723164666319783,0.700530933879317,0.679322558521032,0.660204672713976,0.642191413169919,0.625327676022134,0.610304654083287,0.59557469396417,0.580779832508137,0.567069368097023,0.551828684869008,0.536617592281138,0.521319889603955,0.507022898794843,0.491433540103284,0.47629611454092,0.460479040931658,0.445342575682556,0.430112400070942,0.400536005267461,0.372235891941022,0.344326104118564,0.317038684279005
"109603",1.93455350435033,1.96950903125841,1.88983674748131,1.81216860081933,1.73020376702641,1.64354416085136,1.54492117675756,1.4441034513745,1.35098953507473,1.25344841640726,1.15288234445463,1.0508836416192,0.946508728059699,0.85630725830494,0.756946572427125,0.648224592721973,0.542831019180598,0.438067637758306,0.331411328159107,0.22130645223672,0.107449374549121,1.76236802928997e-13,1.76236802928997e-13,1.76236802928997e-13,1.76236802928997e-13,1.76236802928997e-13,1.76236802928997e-13,1.76236802928997e-13,1.76236802928997e-13,1.76236802928997e-13,1.76236802928997e-13,1.76236802928997e-13,1.76236802928997e-13,1.76236802928997e-13,1.76236802928997e-13,1.76236802928997e-13,1.76236802928997e-13,1.76236802928997e-13,1.76236802928997e-13,1.76236802928997e-13,1.76236802928997e-13,1.76236802928997e-13,1.76236802928997e-13,1.76236802928997e-13,1.76236802928997e-13,1.76236802928997e-13,1.76236802928997e-13,1.76236802928997e-13,1.76236802928997e-13,1.76236802928997e-13,1.76236802928997e-13
"109604",1.73830747488973,1.74729655201608,1.66437139813198,1.5884088289532,1.51523054222867,1.43607572721657,1.35746103027487,1.26882732679253,1.17236952642342,1.09075909029316,1.00196429940221,0.907170072265774,0.819131966104323,0.732836930642526,0.651542699618948,0.562722161539711,0.464658236862143,0.373196134141761,0.285383437231972,0.192223416963058,0.0920109293598363,1.06292752377612e-13,1.06292752377612e-13,1.06292752377612e-13,1.06292752377612e-13,1.06292752377612e-13,1.06292752377612e-13,1.06292752377612e-13,1.06292752377612e-13,1.06292752377612e-13,1.06292752377612e-13,1.06292752377612e-13,1.06292752377612e-13,1.06292752377612e-13,1.06292752377612e-13,1.06292752377612e-13,1.06292752377612e-13,1.06292752377612e-13,1.06292752377612e-13,1.06292752377612e-13,1.06292752377612e-13,1.06292752377612e-13,1.06292752377612e-13,1.06292752377612e-13,1.06292752377612e-13,1.06292752377612e-13,1.06292752377612e-13,1.06292752377612e-13,1.06292752377612e-13,1.06292752377612e-13,1.06292752377612e-13
"109605",1.4217123246206,1.41697223838492,1.33592173266452,1.25546777953742,1.19066735461411,1.12681903534623,1.05806046073366,0.986132334160516,0.91793524460214,0.844304014677709,0.773938550240533,0.703818987239261,0.633578057069662,0.567510913329565,0.500507148617318,0.43213727365403,0.360071711438266,0.288871899372674,0.217897134135109,0.145420235610325,0.0722036127113829,4.15878442794337e-13,4.15878442794337e-13,4.15878442794337e-13,4.15878442794337e-13,4.15878442794337e-13,4.15878442794337e-13,4.15878442794337e-13,4.15878442794337e-13,4.15878442794337e-13,4.15878442794337e-13,4.15878442794337e-13,4.15878442794337e-13,4.15878442794337e-13,4.15878442794337e-13,4.15878442794337e-13,4.15878442794337e-13,4.15878442794337e-13,4.15878442794337e-13,4.15878442794337e-13,4.15878442794337e-13,4.15878442794337e-13,4.15878442794337e-13,4.15878442794337e-13,4.15878442794337e-13,4.15878442794337e-13,4.15878442794337e-13,4.15878442794337e-13,4.15878442794337e-13,4.15878442794337e-13,4.15878442794337e-13
"109606",0.920155790354329,0.890364354492822,0.817057619183612,0.751658972384809,0.696078392880903,0.64730887212612,0.60143057808896,0.555743388131765,0.511062555259046,0.47088313704216,0.428967336729634,0.389198443084923,0.349324611232204,0.309866712483901,0.271620518908748,0.234561239929389,0.196055649343717,0.157787764876166,0.117129421397469,0.0777720749481102,0.0383943377466781,5.0782156257867e-13,5.0782156257867e-13,5.0782156257867e-13,5.0782156257867e-13,5.0782156257867e-13,5.0782156257867e-13,5.0782156257867e-13,5.0782156257867e-13,5.0782156257867e-13,5.0782156257867e-13,5.0782156257867e-13,5.0782156257867e-13,5.0782156257867e-13,5.0782156257867e-13,5.0782156257867e-13,5.0782156257867e-13,5.0782156257867e-13,5.0782156257867e-13,5.0782156257867e-13,5.0782156257867e-13,5.0782156257867e-13,5.0782156257867e-13,5.0782156257867e-13,5.0782156257867e-13,5.0782156257867e-13,5.0782156257867e-13,5.0782156257867e-13,5.0782156257867e-13,5.0782156257867e-13,5.0782156257867e-13
"109607",0.574118600010843,0.540562256498038,0.487576565875917,0.440286817049141,0.396870969500032,0.36122389880458,0.329935990584124,0.301304042471048,0.274612609271788,0.249609179156124,0.226483540395715,0.204085710520523,0.182246918237564,0.160842800162863,0.140492866026179,0.120614644423312,0.100404431634609,0.0804902403985492,0.0598446869404863,0.0394477991345187,0.0193309930096057,-2.99818503357585e-13,-2.99818503357585e-13,-2.99818503357585e-13,-2.99818503357585e-13,-2.99818503357585e-13,-2.99818503357585e-13,-2.99818503357585e-13,-2.99818503357585e-13,-2.99818503357585e-13,-2.99818503357585e-13,-2.99818503357585e-13,-2.99818503357585e-13,-2.99818503357585e-13,-2.99818503357585e-13,-2.99818503357585e-13,-2.99818503357585e-13,-2.99818503357585e-13,-2.99818503357585e-13,-2.99818503357585e-13,-2.99818503357585e-13,-2.99818503357585e-13,-2.99818503357585e-13,-2.99818503357585e-13,-2.99818503357585e-13,-2.99818503357585e-13,-2.99818503357585e-13,-2.99818503357585e-13,-2.99818503357585e-13,-2.99818503357585e-13,-2.99818503357585e-13
"109614",1.21014512270049,1.19731513879866,1.14403482173705,1.08859099543713,1.03073548784426,0.969852491122477,0.905072980488565,0.836342158628313,0.769136894806683,0.700817837061754,0.632365205595166,0.564796603108187,0.500260658698163,0.437389811272852,0.377917879879638,0.318771945050533,0.258715533459449,0.200616775791069,0.140497336408401,0.0853797564980027,0.0395237666772599,3.57464058353685e-13,3.57464058353685e-13,3.57464058353685e-13,3.57464058353685e-13,3.57464058353685e-13,3.57464058353685e-13,3.57464058353685e-13,3.57464058353685e-13,3.57464058353685e-13,3.57464058353685e-13,3.57464058353685e-13,3.57464058353685e-13,3.57464058353685e-13,3.57464058353685e-13,3.57464058353685e-13,3.57464058353685e-13,3.57464058353685e-13,3.57464058353685e-13,3.57464058353685e-13,3.57464058353685e-13,3.57464058353685e-13,3.57464058353685e-13,3.57464058353685e-13,3.57464058353685e-13,3.57464058353685e-13,3.57464058353685e-13,3.57464058353685e-13,3.57464058353685e-13,3.57464058353685e-13,3.57464058353685e-13
"109615",NA,NA,NA,NA,NA,NA,NA,NA,NA,NA,NA,NA,NA,NA,NA,NA,NA,NA,NA,NA,NA,NA,NA,NA,NA,NA,NA,NA,NA,NA,NA,NA,NA,NA,NA,NA,NA,NA,NA,NA,NA,NA,NA,NA,NA,NA,NA,NA,NA,NA,NA
"110319",NA,NA,NA,NA,NA,NA,NA,NA,NA,NA,NA,NA,NA,NA,NA,NA,NA,NA,NA,NA,NA,NA,NA,NA,NA,NA,NA,NA,NA,NA,NA,NA,NA,NA,NA,NA,NA,NA,NA,NA,NA,NA,NA,NA,NA,NA,NA,NA,NA,NA,NA
"110320",NA,NA,NA,NA,NA,NA,NA,NA,NA,NA,NA,NA,NA,NA,NA,NA,NA,NA,NA,NA,NA,NA,NA,NA,NA,NA,NA,NA,NA,NA,NA,NA,NA,NA,NA,NA,NA,NA,NA,NA,NA,NA,NA,NA,NA,NA,NA,NA,NA,NA,NA
"110321",NA,NA,NA,NA,NA,NA,NA,NA,NA,NA,NA,NA,NA,NA,NA,NA,NA,NA,NA,NA,NA,NA,NA,NA,NA,NA,NA,NA,NA,NA,NA,NA,NA,NA,NA,NA,NA,NA,NA,NA,NA,NA,NA,NA,NA,NA,NA,NA,NA,NA,NA
"110322",NA,NA,NA,NA,NA,NA,NA,NA,NA,NA,NA,NA,NA,NA,NA,NA,NA,NA,NA,NA,NA,NA,NA,NA,NA,NA,NA,NA,NA,NA,NA,NA,NA,NA,NA,NA,NA,NA,NA,NA,NA,NA,NA,NA,NA,NA,NA,NA,NA,NA,NA
"110323",1.37678510933329,1.42065863944246,1.43759899223717,1.42882017343378,1.41519774849932,1.34557164182445,1.26347830286887,1.17251393050196,1.09669231684535,1.01101054735601,0.931887011178293,0.856675402971183,0.786368027799915,0.715635288165127,0.65366207449776,0.587070924064674,0.5128498937554,0.439161457825622,0.365486844027465,0.29366944060742,0.217410888301506,0.145240280017592,0.0841338377087591,0.0379337473781069,-2.70516942180166e-13,-2.70516942180166e-13,-2.70516942180166e-13,-2.70516942180166e-13,-2.70516942180166e-13,-2.70516942180166e-13,-2.70516942180166e-13,-2.70516942180166e-13,-2.70516942180166e-13,-2.70516942180166e-13,-2.70516942180166e-13,-2.70516942180166e-13,-2.70516942180166e-13,-2.70516942180166e-13,-2.70516942180166e-13,-2.70516942180166e-13,-2.70516942180166e-13,-2.70516942180166e-13,-2.70516942180166e-13,-2.70516942180166e-13,-2.70516942180166e-13,-2.70516942180166e-13,-2.70516942180166e-13,-2.70516942180166e-13,-2.70516942180166e-13,-2.70516942180166e-13,-2.70516942180166e-13
"110324",1.30748495353982,1.31350552392295,1.30748096444389,1.28567181220396,1.25538480151132,1.18667616870583,1.10868086951249,1.0249925699404,0.956690444145087,0.88198382891355,0.807460503799171,0.740061997243976,0.678310100028416,0.620329234122767,0.563133790942069,0.503499340915631,0.441573738355127,0.378013153266617,0.313897518117632,0.251613176401724,0.186550959074454,0.123771700026412,0.067776008620377,0.0292879778419034,-1.19670939824346e-13,-1.19670939824346e-13,-1.19670939824346e-13,-1.19670939824346e-13,-1.19670939824346e-13,-1.19670939824346e-13,-1.19670939824346e-13,-1.19670939824346e-13,-1.19670939824346e-13,-1.19670939824346e-13,-1.19670939824346e-13,-1.19670939824346e-13,-1.19670939824346e-13,-1.19670939824346e-13,-1.19670939824346e-13,-1.19670939824346e-13,-1.19670939824346e-13,-1.19670939824346e-13,-1.19670939824346e-13,-1.19670939824346e-13,-1.19670939824346e-13,-1.19670939824346e-13,-1.19670939824346e-13,-1.19670939824346e-13,-1.19670939824346e-13,-1.19670939824346e-13,-1.19670939824346e-13
"110325",1.09699887908137,1.09164861212872,1.07808075959972,1.05263852255232,1.02077919735842,0.962675231687566,0.899438050140628,0.833181128559183,0.770817280241383,0.708323311268002,0.651024796799086,0.596811784860076,0.544811599884439,0.493848515826852,0.446974460421919,0.399804730514749,0.348955576946371,0.298684747951339,0.246445533067804,0.195909541765077,0.14557099414264,0.097617578102056,0.0551857328609048,0.0237251000903126,-4.5397574588435e-13,-4.5397574588435e-13,-4.5397574588435e-13,-4.5397574588435e-13,-4.5397574588435e-13,-4.5397574588435e-13,-4.5397574588435e-13,-4.5397574588435e-13,-4.5397574588435e-13,-4.5397574588435e-13,-4.5397574588435e-13,-4.5397574588435e-13,-4.5397574588435e-13,-4.5397574588435e-13,-4.5397574588435e-13,-4.5397574588435e-13,-4.5397574588435e-13,-4.5397574588435e-13,-4.5397574588435e-13,-4.5397574588435e-13,-4.5397574588435e-13,-4.5397574588435e-13,-4.5397574588435e-13,-4.5397574588435e-13,-4.5397574588435e-13,-4.5397574588435e-13,-4.5397574588435e-13
"110326",0.759654302021954,0.74613833444914,0.727811484030141,0.703822955553982,0.692378384861939,0.654667727004751,0.613523169433323,0.570524890660242,0.53225036858525,0.493282264148324,0.453822709086247,0.415396037151636,0.379966608585993,0.345196806101254,0.311882328873477,0.278742123422678,0.24468855699093,0.211211287073671,0.175323760044224,0.141501846568683,0.107269423334189,0.0738498266129933,0.0423224668395588,0.0186842602861116,3.06160652385756e-13,3.06160652385756e-13,3.06160652385756e-13,3.06160652385756e-13,3.06160652385756e-13,3.06160652385756e-13,3.06160652385756e-13,3.06160652385756e-13,3.06160652385756e-13,3.06160652385756e-13,3.06160652385756e-13,3.06160652385756e-13,3.06160652385756e-13,3.06160652385756e-13,3.06160652385756e-13,3.06160652385756e-13,3.06160652385756e-13,3.06160652385756e-13,3.06160652385756e-13,3.06160652385756e-13,3.06160652385756e-13,3.06160652385756e-13,3.06160652385756e-13,3.06160652385756e-13,3.06160652385756e-13,3.06160652385756e-13,3.06160652385756e-13
"110327",0.59189720662398,0.574846791088235,0.559871709043624,0.537708581932917,0.518586920777266,0.483493894919696,0.449309217650391,0.416868042198026,0.38775607180666,0.358925492988105,0.330739697272521,0.303954418088382,0.277720124638826,0.251938521056734,0.227159784403479,0.203338252811348,0.179132971386737,0.155593314141239,0.13180588306359,0.107852663444585,0.0842659921395599,0.062141082281,0.0363141158683984,0.0160967333295163,5.13519782252558e-13,5.13519782252558e-13,5.13519782252558e-13,5.13519782252558e-13,5.13519782252558e-13,5.13519782252558e-13,5.13519782252558e-13,5.13519782252558e-13,5.13519782252558e-13,5.13519782252558e-13,5.13519782252558e-13,5.13519782252558e-13,5.13519782252558e-13,5.13519782252558e-13,5.13519782252558e-13,5.13519782252558e-13,5.13519782252558e-13,5.13519782252558e-13,5.13519782252558e-13,5.13519782252558e-13,5.13519782252558e-13,5.13519782252558e-13,5.13519782252558e-13,5.13519782252558e-13,5.13519782252558e-13,5.13519782252558e-13,5.13519782252558e-13
"111042",NA,NA,NA,NA,NA,NA,NA,NA,NA,NA,NA,NA,NA,NA,NA,NA,NA,NA,NA,NA,NA,NA,NA,NA,NA,NA,NA,NA,NA,NA,NA,NA,NA,NA,NA,NA,NA,NA,NA,NA,NA,NA,NA,NA,NA,NA,NA,NA,NA,NA,NA
"111043",NA,NA,NA,NA,NA,NA,NA,NA,NA,NA,NA,NA,NA,NA,NA,NA,NA,NA,NA,NA,NA,NA,NA,NA,NA,NA,NA,NA,NA,NA,NA,NA,NA,NA,NA,NA,NA,NA,NA,NA,NA,NA,NA,NA,NA,NA,NA,NA,NA,NA,NA
"111044",NA,NA,NA,NA,NA,NA,NA,NA,NA,NA,NA,NA,NA,NA,NA,NA,NA,NA,NA,NA,NA,NA,NA,NA,NA,NA,NA,NA,NA,NA,NA,NA,NA,NA,NA,NA,NA,NA,NA,NA,NA,NA,NA,NA,NA,NA,NA,NA,NA,NA,NA
"111045",NA,NA,NA,NA,NA,NA,NA,NA,NA,NA,NA,NA,NA,NA,NA,NA,NA,NA,NA,NA,NA,NA,NA,NA,NA,NA,NA,NA,NA,NA,NA,NA,NA,NA,NA,NA,NA,NA,NA,NA,NA,NA,NA,NA,NA,NA,NA,NA,NA,NA,NA
"111765",NA,NA,NA,NA,NA,NA,NA,NA,NA,NA,NA,NA,NA,NA,NA,NA,NA,NA,NA,NA,NA,NA,NA,NA,NA,NA,NA,NA,NA,NA,NA,NA,NA,NA,NA,NA,NA,NA,NA,NA,NA,NA,NA,NA,NA,NA,NA,NA,NA,NA,NA
